Mean data for UKR  Province= 14: Luhans'k,  from 1981 to 2021, weekly<br><tt><pre>1981, 1,-1.000, -1.00, -1.00, -1.00, -1.00,
1981, 2,-1.000, -1.00, -1.00, -1.00, -1.00,
1981, 3,-1.000, -1.00, -1.00, -1.00, -1.00,
1981, 4,-1.000, -1.00, -1.00, -1.00, -1.00,
1981, 5,-1.000, -1.00, -1.00, -1.00, -1.00,
1981, 6,-1.000, -1.00, -1.00, -1.00, -1.00,
1981, 7,-1.000, -1.00, -1.00, -1.00, -1.00,
1981, 8,-1.000, -1.00, -1.00, -1.00, -1.00,
1981, 9,-1.000, -1.00, -1.00, -1.00, -1.00,
1981,10,-1.000, -1.00, -1.00, -1.00, -1.00,
1981,11,-1.000, -1.00, -1.00, -1.00, -1.00,
1981,12,-1.000, -1.00, -1.00, -1.00, -1.00,
1981,13,-1.000, -1.00, -1.00, -1.00, -1.00,
1981,14,-1.000, -1.00, -1.00, -1.00, -1.00,
1981,15,-1.000, -1.00, -1.00, -1.00, -1.00,
1981,16,-1.000, -1.00, -1.00, -1.00, -1.00,
1981,17,-1.000, -1.00, -1.00, -1.00, -1.00,
1981,18,-1.000, -1.00, -1.00, -1.00, -1.00,
1981,19,-1.000, -1.00, -1.00, -1.00, -1.00,
1981,20,-1.000, -1.00, -1.00, -1.00, -1.00,
1981,21,-1.000, -1.00, -1.00, -1.00, -1.00,
1981,22,-1.000, -1.00, -1.00, -1.00, -1.00,
1981,23,-1.000, -1.00, -1.00, -1.00, -1.00,
1981,24,-1.000, -1.00, -1.00, -1.00, -1.00,
1981,25,-1.000, -1.00, -1.00, -1.00, -1.00,
1981,26,-1.000, -1.00, -1.00, -1.00, -1.00,
1981,27,-1.000, -1.00, -1.00, -1.00, -1.00,
1981,28,-1.000, -1.00, -1.00, -1.00, -1.00,
1981,29,-1.000, -1.00, -1.00, -1.00, -1.00,
1981,30,-1.000, -1.00, -1.00, -1.00, -1.00,
1981,31,-1.000, -1.00, -1.00, -1.00, -1.00,
1981,32,-1.000, -1.00, -1.00, -1.00, -1.00,
1981,33,-1.000, -1.00, -1.00, -1.00, -1.00,
1981,34,-1.000, -1.00, -1.00, -1.00, -1.00,
1981,35, 0.210,297.12, 16.21, 66.02, 41.11,
1981,36, 0.212,296.91, 23.62, 50.64, 37.13,
1981,37, 0.202,295.86, 26.69, 39.11, 32.90,
1981,38, 0.189,294.29, 27.69, 32.01, 29.85,
1981,39, 0.173,292.18, 26.62, 30.19, 28.41,
1981,40, 0.156,289.46, 24.71, 32.74, 28.73,
1981,41, 0.139,285.91, 23.34, 41.01, 32.18,
1981,42, 0.118,280.93, 21.39, 62.08, 41.73,
1981,43, 0.097,275.92, 20.03, 73.60, 46.81,
1981,44, 0.075,270.39, 16.49, 82.38, 49.43,
1981,45, 0.061,264.40, 14.94, 88.75, 51.84,
1981,46, 0.053,258.62, 16.27, 91.30, 53.79,
1981,47, 0.047,254.07, 17.69, 90.99, 54.34,
1981,48, 0.044,250.86, 20.32, 90.13, 55.23,
1981,49, 0.042,248.67, 22.97, 90.41, 56.69,
1981,50, 0.040,247.16, 26.96, 90.33, 58.64,
1981,51, 0.038,246.63, 30.16, 90.00, 60.08,
1981,52, 0.037,247.68, 36.55, 86.61, 61.58,
1982, 1, 0.036,249.48, 40.51, 79.90, 60.21,
1982, 2, 0.034,251.07, 40.82, 71.85, 56.33,
1982, 3, 0.032,252.56, 38.21, 64.53, 51.37,
1982, 4, 0.030,254.76, 32.74, 55.45, 44.10,
1982, 5, 0.027,256.18, 26.61, 53.62, 40.12,
1982, 6, 0.025,256.78, 20.92, 56.90, 38.91,
1982, 7, 0.023,257.77, 16.45, 59.41, 37.93,
1982, 8, 0.023,259.79, 14.29, 58.13, 36.21,
1982, 9, 0.020,261.60, 10.69, 58.04, 34.36,
1982,10, 0.021,264.07,  8.59, 57.77, 33.18,
1982,11, 0.026,267.42,  9.68, 56.38, 33.03,
1982,12, 0.036,271.31, 13.39, 53.20, 33.29,
1982,13, 0.052,276.27, 18.67, 45.59, 32.13,
1982,14, 0.065,280.23, 20.07, 40.60, 30.33,
1982,15, 0.084,283.38, 21.91, 39.52, 30.72,
1982,16, 0.110,285.97, 25.05, 42.96, 34.00,
1982,17, 0.140,288.40, 26.32, 50.59, 38.46,
1982,18, 0.177,290.36, 29.12, 61.93, 45.53,
1982,19, 0.231,292.48, 36.79, 68.35, 52.57,
1982,20, 0.287,294.66, 44.19, 67.78, 55.98,
1982,21, 0.335,296.02, 50.50, 68.46, 59.48,
1982,22, 0.370,296.17, 55.33, 71.84, 63.58,
1982,23, 0.386,296.28, 58.08, 76.75, 67.41,
1982,24, 0.388,296.11, 58.77, 86.72, 72.74,
1982,25, 0.385,295.77, 58.60, 94.47, 76.53,
1982,26, 0.387,296.06, 62.49, 95.39, 78.94,
1982,27, 0.379,295.83, 61.31, 96.37, 78.84,
1982,28, 0.376,295.90, 63.24, 96.04, 79.64,
1982,29, 0.373,295.97, 65.86, 97.00, 81.43,
1982,30, 0.372,296.01, 69.99, 97.04, 83.52,
1982,31, 0.365,296.12, 73.07, 95.51, 84.29,
1982,32, 0.358,296.49, 75.21, 92.14, 83.67,
1982,33, 0.350,296.68, 76.82, 87.98, 82.40,
1982,34, 0.343,296.80, 79.16, 80.66, 79.91,
1982,35, 0.328,296.49, 79.95, 72.71, 76.33,
1982,36, 0.308,295.58, 77.67, 63.83, 70.75,
1982,37, 0.282,294.25, 72.51, 55.06, 63.79,
1982,38, 0.255,292.59, 65.31, 50.18, 57.75,
1982,39, 0.223,290.96, 53.62, 43.39, 48.51,
1982,40, 0.186,289.02, 40.00, 37.34, 38.67,
1982,41, 0.154,286.61, 30.72, 34.02, 32.37,
1982,42, 0.128,284.12, 26.65, 31.82, 29.24,
1982,43, 0.107,281.21, 25.82, 32.74, 29.28,
1982,44, 0.091,278.39, 25.84, 31.47, 28.66,
1982,45, 0.076,274.95, 24.46, 33.17, 28.82,
1982,46, 0.065,271.27, 24.67, 35.34, 30.01,
1982,47, 0.057,267.94, 25.57, 35.43, 30.50,
1982,48, 0.050,264.21, 25.74, 37.52, 31.63,
1982,49, 0.047,260.72, 28.43, 41.61, 35.02,
1982,50, 0.045,257.58, 33.45, 46.18, 39.82,
1982,51, 0.044,255.14, 38.26, 52.98, 45.62,
1982,52, 0.044,253.79, 46.62, 58.56, 52.59,
1983, 1, 0.043,253.46, 52.64, 60.75, 56.69,
1983, 2, 0.043,253.90, 53.91, 58.02, 55.97,
1983, 3, 0.042,254.86, 52.44, 52.99, 52.71,
1983, 4, 0.040,256.08, 46.77, 48.61, 47.69,
1983, 5, 0.039,258.46, 40.74, 42.58, 41.66,
1983, 6, 0.040,260.95, 35.66, 38.97, 37.31,
1983, 7, 0.041,264.27, 31.18, 34.18, 32.68,
1983, 8, 0.044,267.47, 30.18, 30.35, 30.27,
1983, 9, 0.047,270.19, 28.90, 28.07, 28.48,
1983,10, 0.050,273.54, 27.42, 24.89, 26.15,
1983,11, 0.056,277.44, 27.53, 20.88, 24.21,
1983,12, 0.064,281.18, 28.71, 18.02, 23.37,
1983,13, 0.079,284.89, 32.43, 14.63, 23.53,
1983,14, 0.099,287.73, 35.65, 13.93, 24.79,
1983,15, 0.123,289.83, 38.96, 15.73, 27.35,
1983,16, 0.145,290.83, 39.40, 23.79, 31.60,
1983,17, 0.170,291.72, 37.93, 34.84, 36.38,
1983,18, 0.201,293.15, 38.17, 45.15, 41.66,
1983,19, 0.240,294.95, 40.27, 50.43, 45.35,
1983,20, 0.281,296.92, 41.75, 49.64, 45.70,
1983,21, 0.307,298.03, 37.29, 51.48, 44.38,
1983,22, 0.316,298.49, 27.68, 52.01, 39.85,
1983,23, 0.313,298.60, 18.17, 56.06, 37.12,
1983,24, 0.299,298.63, 11.28, 62.87, 37.08,
1983,25, 0.288,299.03,  8.25, 63.66, 35.95,
1983,26, 0.279,299.41,  8.00, 64.23, 36.11,
1983,27, 0.274,299.95, 10.43, 60.25, 35.34,
1983,28, 0.268,300.16, 12.29, 60.01, 36.15,
1983,29, 0.267,300.01, 14.47, 63.64, 39.05,
1983,30, 0.268,299.59, 18.59, 68.52, 43.55,
1983,31, 0.276,299.13, 27.84, 71.94, 49.89,
1983,32, 0.282,298.76, 35.52, 74.04, 54.78,
1983,33, 0.285,298.44, 41.04, 72.74, 56.89,
1983,34, 0.280,297.89, 44.01, 70.54, 57.28,
1983,35, 0.271,297.48, 47.41, 63.13, 55.27,
1983,36, 0.251,296.08, 44.96, 59.27, 52.11,
1983,37, 0.228,294.38, 41.30, 54.22, 47.76,
1983,38, 0.210,292.77, 39.18, 48.58, 43.88,
1983,39, 0.188,289.84, 34.59, 55.99, 45.29,
1983,40, 0.169,287.32, 30.92, 55.38, 43.15,
1983,41, 0.150,284.56, 28.66, 54.88, 41.77,
1983,42, 0.132,281.84, 28.87, 53.51, 41.19,
1983,43, 0.113,279.33, 28.97, 47.55, 38.26,
1983,44, 0.093,276.36, 26.88, 44.95, 35.92,
1983,45, 0.077,272.62, 25.08, 46.25, 35.66,
1983,46, 0.067,268.59, 25.74, 48.51, 37.13,
1983,47, 0.059,265.36, 26.63, 46.91, 36.77,
1983,48, 0.054,263.42, 29.95, 41.14, 35.54,
1983,49, 0.049,261.66, 31.15, 37.81, 34.48,
1983,50, 0.049,259.61, 38.13, 37.55, 37.84,
1983,51, 0.050,258.15, 47.03, 39.67, 43.35,
1983,52, 0.049,255.85, 55.67, 48.69, 52.18,
1984, 1, 0.049,254.60, 62.63, 54.68, 58.66,
1984, 2, 0.050,253.76, 65.47, 58.70, 62.09,
1984, 3, 0.050,254.55, 64.51, 54.93, 59.72,
1984, 4, 0.050,257.10, 59.45, 44.51, 51.98,
1984, 5, 0.049,259.72, 51.51, 37.52, 44.51,
1984, 6, 0.048,261.91, 44.02, 35.30, 39.66,
1984, 7, 0.051,264.72, 39.77, 32.44, 36.11,
1984, 8, 0.054,267.61, 38.16, 29.51, 33.84,
1984, 9, 0.056,270.71, 35.64, 25.90, 30.77,
1984,10, 0.058,272.92, 32.47, 26.72, 29.59,
1984,11, 0.063,275.78, 31.97, 26.46, 29.21,
1984,12, 0.073,279.85, 33.40, 22.54, 27.97,
1984,13, 0.084,283.53, 34.68, 19.27, 26.97,
1984,14, 0.097,287.51, 34.69, 14.49, 24.59,
1984,15, 0.114,290.41, 34.97, 13.30, 24.13,
1984,16, 0.140,293.25, 37.15, 13.68, 25.42,
1984,17, 0.172,295.82, 38.98, 13.99, 26.49,
1984,18, 0.209,297.47, 41.16, 17.13, 29.15,
1984,19, 0.243,298.99, 41.33, 19.36, 30.35,
1984,20, 0.271,300.53, 37.45, 19.82, 28.63,
1984,21, 0.292,301.46, 30.40, 22.18, 26.29,
1984,22, 0.303,301.63, 20.79, 25.32, 23.06,
1984,23, 0.305,300.85, 14.13, 36.00, 25.06,
1984,24, 0.307,300.92, 15.31, 41.15, 28.23,
1984,25, 0.307,301.71, 17.57, 37.96, 27.76,
1984,26, 0.296,301.80, 16.16, 41.34, 28.75,
1984,27, 0.275,301.42, 10.89, 46.89, 28.89,
1984,28, 0.259,300.93,  7.79, 53.01, 30.40,
1984,29, 0.250,300.47,  6.43, 59.09, 32.76,
1984,30, 0.242,300.04,  6.28, 64.14, 35.21,
1984,31, 0.229,298.98,  5.22, 72.53, 38.87,
1984,32, 0.225,298.30,  6.58, 77.19, 41.89,
1984,33, 0.230,297.92, 11.66, 76.93, 44.29,
1984,34, 0.237,297.47, 20.11, 74.00, 47.05,
1984,35, 0.239,296.90, 28.86, 68.31, 48.58,
1984,36, 0.241,296.17, 38.87, 57.61, 48.24,
1984,37, 0.239,295.45, 47.33, 42.79, 45.06,
1984,38, 0.232,294.33, 51.64, 31.39, 41.51,
1984,39, 0.218,292.54, 50.54, 26.00, 38.27,
1984,40, 0.195,289.80, 44.39, 29.10, 36.75,
1984,41, 0.177,287.07, 42.45, 29.12, 35.79,
1984,42, 0.163,284.73, 44.50, 25.38, 34.94,
1984,43, 0.146,282.24, 46.36, 24.33, 35.35,
1984,44, 0.128,279.57, 45.90, 23.61, 34.76,
1984,45, 0.112,276.42, 45.99, 24.92, 35.46,
1984,46, 0.098,273.30, 46.80, 25.71, 36.25,
1984,47, 0.089,270.41, 49.56, 24.76, 37.16,
1984,48, 0.083,267.98, 55.49, 21.36, 38.42,
1984,49, 0.081,268.03, 62.04,  9.62, 35.83,
1984,50,-1.000, -1.00, -1.00, -1.00, -1.00,
1984,51,-1.000, -1.00, -1.00, -1.00, -1.00,
1984,52,-1.000, -1.00, -1.00, -1.00, -1.00,
1985, 1,-1.000, -1.00, -1.00, -1.00, -1.00,
1985, 2,-1.000, -1.00, -1.00, -1.00, -1.00,
1985, 3,-1.000, -1.00, -1.00, -1.00, -1.00,
1985, 4,-1.000, -1.00, -1.00, -1.00, -1.00,
1985, 5,-1.000, -1.00, -1.00, -1.00, -1.00,
1985, 6,-1.000, -1.00, -1.00, -1.00, -1.00,
1985, 7,-1.000, -1.00, -1.00, -1.00, -1.00,
1985, 8,-1.000, -1.00, -1.00, -1.00, -1.00,
1985, 9, 0.035,265.80, 20.53, 43.09, 31.81,
1985,10, 0.034,267.23, 16.75, 46.68, 31.71,
1985,11, 0.037,269.54, 16.05, 48.72, 32.38,
1985,12, 0.044,272.73, 17.52, 48.16, 32.84,
1985,13, 0.057,276.86, 21.24, 43.70, 32.47,
1985,14, 0.077,281.36, 25.43, 36.79, 31.11,
1985,15, 0.105,285.65, 30.86, 31.16, 31.01,
1985,16, 0.139,289.53, 36.71, 28.62, 32.67,
1985,17, 0.178,293.31, 41.24, 26.25, 33.74,
1985,18, 0.217,296.10, 44.37, 25.90, 35.14,
1985,19, 0.251,298.05, 44.79, 26.73, 35.76,
1985,20, 0.276,298.77, 39.59, 34.38, 36.98,
1985,21, 0.298,299.17, 33.02, 41.83, 37.43,
1985,22, 0.314,299.46, 26.25, 43.91, 35.08,
1985,23, 0.319,299.03, 21.48, 52.47, 36.97,
1985,24, 0.323,298.63, 23.77, 63.36, 43.57,
1985,25, 0.332,298.90, 30.69, 65.33, 48.01,
1985,26, 0.331,298.80, 33.43, 70.24, 51.84,
1985,27, 0.326,298.58, 34.80, 72.47, 53.64,
1985,28, 0.324,298.67, 37.65, 72.92, 55.28,
1985,29, 0.326,299.58, 42.02, 67.18, 54.60,
1985,30, 0.321,300.48, 44.31, 60.75, 52.53,
1985,31, 0.312,301.35, 45.31, 53.31, 49.31,
1985,32, 0.298,301.82, 43.46, 47.87, 45.67,
1985,33, 0.281,301.82, 38.68, 41.90, 40.29,
1985,34, 0.264,301.36, 35.06, 36.80, 35.93,
1985,35, 0.243,299.66, 31.03, 40.75, 35.89,
1985,36, 0.210,296.70, 21.54, 52.00, 36.77,
1985,37, 0.182,293.88, 14.95, 57.88, 36.42,
1985,38, 0.162,291.66, 11.76, 58.87, 35.31,
1985,39, 0.141,288.91,  8.59, 65.01, 36.80,
1985,40, 0.124,286.02,  7.80, 68.35, 38.08,
1985,41, 0.110,283.61,  8.54, 64.31, 36.43,
1985,42, 0.097,280.95, 10.61, 62.37, 36.49,
1985,43, 0.084,278.62, 13.53, 53.56, 33.54,
1985,44, 0.074,276.22, 16.35, 46.15, 31.25,
1985,45, 0.061,273.07, 15.02, 43.74, 29.38,
1985,46, 0.047,270.41, 12.18, 39.38, 25.78,
1985,47, 0.038,266.98, 10.23, 39.35, 24.79,
1985,48, 0.032,263.21,  9.38, 41.58, 25.48,
1985,49, 0.027,260.11,  7.36, 44.25, 25.81,
1985,50, 0.024,258.06,  6.36, 44.10, 25.23,
1985,51, 0.024,257.12,  8.58, 43.93, 26.25,
1985,52, 0.022,256.03, 11.54, 47.43, 29.48,
1986, 1, 0.022,254.42, 16.16, 55.54, 35.85,
1986, 2, 0.023,253.84, 21.37, 58.28, 39.83,
1986, 3, 0.024,254.40, 25.38, 55.81, 40.60,
1986, 4, 0.026,255.36, 26.66, 52.83, 39.75,
1986, 5, 0.028,256.76, 26.84, 51.30, 39.07,
1986, 6, 0.030,258.65, 24.90, 49.32, 37.11,
1986, 7, 0.031,262.22, 22.18, 42.36, 32.27,
1986, 8, 0.034,265.36, 21.87, 38.01, 29.94,
1986, 9, 0.035,267.82, 20.55, 36.33, 28.44,
1986,10, 0.039,271.50, 19.99, 31.99, 25.99,
1986,11, 0.046,276.27, 21.60, 24.95, 23.28,
1986,12, 0.058,280.82, 25.02, 19.42, 22.22,
1986,13, 0.074,285.73, 29.72, 11.62, 20.67,
1986,14, 0.092,289.11, 32.41,  8.91, 20.66,
1986,15, 0.117,292.77, 36.08,  4.51, 20.29,
1986,16, 0.149,296.16, 40.93,  1.96, 21.45,
1986,17, 0.189,298.25, 45.45,  2.08, 23.77,
1986,18, 0.229,299.69, 49.10,  3.45, 26.27,
1986,19, 0.269,300.68, 51.73,  7.03, 29.38,
1986,20, 0.302,301.80, 50.36,  9.78, 30.07,
1986,21, 0.329,302.67, 47.70, 12.18, 29.94,
1986,22, 0.342,302.44, 41.13, 18.51, 29.82,
1986,23, 0.348,302.68, 37.40, 19.51, 28.45,
1986,24, 0.347,303.04, 36.50, 20.82, 28.66,
1986,25, 0.340,302.92, 34.58, 26.34, 30.46,
1986,26, 0.330,303.06, 32.94, 29.53, 31.23,
1986,27, 0.315,303.29, 29.67, 30.24, 29.95,
1986,28, 0.305,303.94, 29.03, 27.08, 28.05,
1986,29, 0.298,304.66, 29.01, 23.66, 26.34,
1986,30, 0.286,305.20, 27.48, 21.37, 24.43,
1986,31, 0.271,305.27, 25.27, 21.12, 23.19,
1986,32, 0.254,304.70, 20.78, 23.74, 22.26,
1986,33, 0.238,304.31, 15.65, 19.61, 17.63,
1986,34, 0.222,303.57, 12.10, 16.04, 14.07,
1986,35, 0.205,302.33, 10.05, 14.85, 12.45,
1986,36, 0.189,300.46,  9.85, 15.29, 12.57,
1986,37, 0.174,297.64, 10.64, 21.44, 16.04,
1986,38, 0.159,294.27, 10.43, 32.27, 21.35,
1986,39, 0.144,291.34, 10.46, 39.50, 24.98,
1986,40, 0.127,288.66,  9.42, 41.37, 25.40,
1986,41, 0.108,285.63,  7.61, 44.23, 25.92,
1986,42, 0.087,282.39,  5.73, 48.90, 27.32,
1986,43, 0.063,278.74,  2.83, 53.07, 27.95,
1986,44, 0.048,275.14,  1.80, 53.81, 27.81,
1986,45, 0.039,271.84,  1.77, 51.12, 26.44,
1986,46, 0.032,269.72,  2.54, 43.17, 22.85,
1986,47, 0.029,267.72,  4.00, 36.76, 20.38,
1986,48, 0.029,265.73,  6.68, 31.33, 19.00,
1986,49, 0.028,262.92,  8.47, 32.27, 20.37,
1986,50, 0.028,258.96, 11.99, 40.36, 26.18,
1986,51, 0.031,254.58, 18.24, 55.92, 37.08,
1986,52, 0.033,251.34, 27.15, 70.50, 48.82,
1987, 1, 0.032,248.60, 32.48, 84.72, 58.60,
1987, 2, 0.030,246.89, 33.27, 91.67, 62.47,
1987, 3, 0.029,246.13, 32.67, 93.91, 63.29,
1987, 4, 0.026,246.65, 27.93, 92.04, 59.98,
1987, 5, 0.023,248.29, 21.40, 88.51, 54.95,
1987, 6, 0.020,249.79, 16.06, 85.56, 50.81,
1987, 7, 0.017,252.24, 11.06, 80.01, 45.53,
1987, 8, 0.015,254.00,  8.18, 78.12, 43.15,
1987, 9, 0.013,255.95,  5.35, 76.87, 41.11,
1987,10, 0.012,256.94,  2.36, 81.45, 41.91,
1987,11, 0.011,258.12,  0.59, 87.57, 44.08,
1987,12, 0.012,259.40,  0.13, 93.84, 46.99,
1987,13, 0.014,261.32,  0.05, 98.01, 49.03,
1987,14, 0.022,263.22,  0.03, 99.74, 49.88,
1987,15, 0.034,266.54,  0.04, 99.95, 49.99,
1987,16, 0.047,271.09,  0.06, 99.92, 49.99,
1987,17, 0.071,277.68,  0.08, 99.60, 49.84,
1987,18, 0.100,284.01,  0.08, 98.02, 49.05,
1987,19, 0.135,288.45,  0.04, 95.88, 47.96,
1987,20, 0.178,291.70,  0.06, 90.45, 45.26,
1987,21, 0.226,294.13,  0.54, 83.98, 42.26,
1987,22, 0.270,295.91,  3.99, 74.06, 39.03,
1987,23, 0.307,297.15, 14.99, 69.24, 42.12,
1987,24, 0.335,297.96, 30.23, 69.49, 49.86,
1987,25, 0.362,298.52, 46.50, 68.67, 57.58,
1987,26, 0.380,299.04, 58.80, 67.69, 63.24,
1987,27, 0.388,299.34, 65.91, 65.58, 65.74,
1987,28, 0.387,299.62, 68.37, 64.48, 66.43,
1987,29, 0.373,299.45, 65.45, 68.16, 66.80,
1987,30, 0.363,299.39, 65.49, 69.93, 67.71,
1987,31, 0.346,298.72, 62.93, 75.09, 69.01,
1987,32, 0.322,297.60, 55.91, 83.32, 69.62,
1987,33, 0.301,296.69, 49.49, 87.62, 68.56,
1987,34, 0.280,295.62, 43.92, 90.49, 67.21,
1987,35, 0.262,294.35, 42.23, 92.12, 67.18,
1987,36, 0.242,292.64, 39.84, 91.69, 65.76,
1987,37, 0.222,290.44, 37.91, 91.67, 64.79,
1987,38, 0.210,288.78, 39.50, 89.61, 64.55,
1987,39, 0.202,287.59, 42.07, 79.95, 61.01,
1987,40, 0.191,285.99, 42.31, 69.20, 55.75,
1987,41, 0.180,284.25, 44.38, 58.10, 51.24,
1987,42, 0.163,281.33, 44.95, 58.75, 51.85,
1987,43, 0.144,277.99, 45.20, 58.96, 52.08,
1987,44, 0.116,274.85, 39.68, 55.86, 47.77,
1987,45, 0.091,271.97, 33.54, 50.55, 42.05,
1987,46, 0.075,269.75, 31.24, 43.07, 37.15,
1987,47, 0.065,267.93, 31.05, 35.61, 33.33,
1987,48, 0.058,266.37, 32.86, 28.22, 30.54,
1987,49, 0.051,264.79, 33.04, 23.67, 28.36,
1987,50, 0.046,262.83, 34.74, 22.51, 28.62,
1987,51, 0.042,261.15, 35.90, 25.66, 30.78,
1987,52, 0.040,259.97, 40.99, 28.73, 34.86,
1988, 1, 0.039,258.33, 45.09, 36.24, 40.67,
1988, 2, 0.040,257.26, 49.54, 41.54, 45.54,
1988, 3, 0.039,256.60, 48.35, 44.97, 46.66,
1988, 4, 0.036,256.33, 41.45, 47.91, 44.68,
1988, 5, 0.035,256.95, 36.20, 50.05, 43.12,
1988, 6, 0.034,257.89, 30.23, 52.10, 41.17,
1988, 7, 0.032,258.68, 24.15, 55.48, 39.82,
1988, 8, 0.033,260.33, 21.91, 55.50, 38.70,
1988, 9, 0.035,262.42, 21.38, 54.50, 37.94,
1988,10, 0.038,265.38, 20.16, 52.92, 36.54,
1988,11, 0.045,269.79, 21.21, 47.81, 34.51,
1988,12, 0.053,275.05, 22.35, 39.92, 31.13,
1988,13, 0.062,279.73, 23.79, 33.12, 28.46,
1988,14, 0.078,283.20, 25.84, 29.89, 27.86,
1988,15, 0.101,285.97, 29.05, 29.73, 29.39,
1988,16, 0.127,288.42, 31.50, 33.14, 32.32,
1988,17, 0.148,289.32, 29.23, 46.49, 37.86,
1988,18, 0.175,290.32, 28.34, 62.61, 45.48,
1988,19, 0.208,291.47, 27.80, 75.03, 51.41,
1988,20, 0.240,292.54, 24.85, 82.43, 53.64,
1988,21, 0.265,293.49, 19.30, 85.96, 52.63,
1988,22, 0.288,294.46, 15.66, 83.38, 49.52,
1988,23, 0.309,295.25, 18.04, 83.14, 50.59,
1988,24, 0.331,296.47, 28.35, 81.58, 54.96,
1988,25, 0.341,297.17, 35.54, 80.37, 57.95,
1988,26, 0.348,297.63, 42.79, 80.44, 61.62,
1988,27, 0.357,298.34, 50.64, 74.42, 62.53,
1988,28, 0.365,299.19, 58.40, 68.23, 63.32,
1988,29, 0.363,299.73, 61.14, 65.74, 63.44,
1988,30, 0.351,299.51, 59.60, 68.78, 64.19,
1988,31, 0.341,299.43, 60.51, 69.29, 64.90,
1988,32, 0.331,299.39, 61.01, 68.53, 64.77,
1988,33, 0.316,299.30, 57.92, 64.69, 61.31,
1988,34, 0.294,298.47, 51.68, 64.70, 58.19,
1988,35, 0.272,297.19, 47.60, 65.56, 56.58,
1988,36, 0.257,295.52, 48.14, 64.25, 56.20,
1988,37, 0.248,293.57, 52.72, 61.72, 57.22,
1988,38, 0.245,291.52, 58.78, 61.44, 60.11,
1988,39, 0.247,289.57, 65.75, 58.62, 62.19,
1988,40, 0.250,287.71, 71.40, 50.96, 61.18,
1988,41, 0.238,284.74, 72.39, 53.10, 62.74,
1988,42, 0.222,281.99, 73.48, 52.43, 62.96,
1988,43, 0.199,278.31, 72.28, 56.23, 64.25,
1988,44, 0.168,274.52, 66.96, 57.62, 62.29,
1988,45, 0.139,270.62, 61.57, 57.39, 59.48,
1988,46, 0.105,266.93, 51.67, 55.43, 53.55,
1988,47, 0.080,263.77, 42.92, 52.66, 47.79,
1988,48, 0.063,261.30, 37.82, 49.53, 43.68,
1988,49, 0.053,259.89, 34.68, 45.21, 39.94,
1988,50, 0.046,258.40, 34.01, 42.58, 38.30,
1988,51, 0.042,257.40, 34.02, 42.21, 38.11,
1988,52, 0.036,256.82, 33.19, 42.98, 38.09,
1989, 1, 0.034,256.04, 35.71, 46.69, 41.20,
1989, 2, 0.032,256.16, 35.13, 46.35, 40.74,
1989, 3, 0.031,257.23, 35.71, 42.07, 38.89,
1989, 4, 0.033,259.60, 35.82, 33.04, 34.43,
1989, 5, 0.034,262.44, 33.96, 25.60, 29.78,
1989, 6, 0.037,264.86, 32.52, 23.19, 27.85,
1989, 7, 0.044,267.42, 33.31, 22.38, 27.84,
1989, 8, 0.054,270.80, 37.89, 18.55, 28.22,
1989, 9, 0.069,274.32, 44.36, 14.13, 29.25,
1989,10, 0.091,278.38, 54.68,  9.31, 31.99,
1989,11, 0.114,281.38, 62.27,  8.62, 35.45,
1989,12, 0.133,284.39, 66.05,  7.97, 37.01,
1989,13, 0.157,287.56, 71.02,  6.08, 38.55,
1989,14, 0.189,290.12, 77.09,  5.88, 41.48,
1989,15, 0.222,292.11, 81.58,  7.23, 44.40,
1989,16, 0.264,294.26, 85.30,  9.70, 47.50,
1989,17, 0.303,295.93, 86.90, 13.45, 50.17,
1989,18, 0.339,296.93, 88.16, 20.74, 54.45,
1989,19, 0.372,297.58, 88.99, 30.20, 59.60,
1989,20, 0.397,298.04, 89.01, 40.27, 64.64,
1989,21, 0.412,298.61, 86.07, 46.50, 66.29,
1989,22, 0.417,298.91, 80.13, 48.49, 64.31,
1989,23, 0.411,298.95, 72.15, 53.05, 62.60,
1989,24, 0.397,298.96, 63.95, 59.89, 61.92,
1989,25, 0.381,298.68, 56.62, 67.10, 61.86,
1989,26, 0.372,298.60, 54.94, 71.94, 63.44,
1989,27, 0.371,298.83, 57.36, 70.21, 63.78,
1989,28, 0.364,299.04, 57.51, 69.54, 63.53,
1989,29, 0.353,299.18, 55.97, 70.35, 63.16,
1989,30, 0.340,299.11, 53.80, 72.03, 62.91,
1989,31, 0.329,299.30, 54.28, 70.15, 62.21,
1989,32, 0.318,299.70, 54.20, 65.70, 59.95,
1989,33, 0.302,299.24, 50.41, 65.29, 57.85,
1989,34, 0.286,298.40, 47.46, 65.52, 56.49,
1989,35, 0.273,297.70, 48.19, 60.88, 54.53,
1989,36, 0.254,296.32, 46.65, 56.62, 51.64,
1989,37, 0.232,294.82, 43.61, 49.53, 46.57,
1989,38, 0.216,292.78, 42.27, 48.05, 45.16,
1989,39, 0.204,290.66, 43.05, 46.68, 44.87,
1989,40, 0.192,288.32, 43.01, 44.81, 43.91,
1989,41, 0.180,286.29, 44.15, 37.35, 40.75,
1989,42, 0.166,284.40, 46.55, 29.04, 37.79,
1989,43, 0.158,282.02, 52.78, 26.29, 39.54,
1989,44, 0.149,279.67, 58.43, 23.11, 40.77,
1989,45, 0.131,277.42, 57.98, 19.50, 38.74,
1989,46, 0.107,273.98, 53.08, 22.81, 37.94,
1989,47, 0.085,269.58, 46.76, 28.87, 37.81,
1989,48, 0.068,265.80, 42.23, 31.44, 36.83,
1989,49, 0.055,262.65, 36.66, 33.84, 35.25,
1989,50, 0.045,261.36, 33.08, 29.71, 31.40,
1989,51, 0.040,260.62, 33.01, 28.20, 30.60,
1989,52, 0.036,260.02, 33.65, 28.41, 31.03,
1990, 1, 0.030,259.50, 29.32, 30.32, 29.82,
1990, 2, 0.027,259.53, 27.99, 30.26, 29.12,
1990, 3, 0.027,258.98, 29.91, 33.44, 31.67,
1990, 4, 0.027,258.47, 29.48, 37.76, 33.62,
1990, 5, 0.030,259.51, 29.84, 38.31, 34.07,
1990, 6, 0.036,263.10, 31.99, 30.40, 31.20,
1990, 7, 0.048,267.77, 37.73, 21.19, 29.46,
1990, 8, 0.063,272.52, 44.94, 12.73, 28.83,
1990, 9, 0.079,276.28, 51.49,  7.80, 29.64,
1990,10, 0.096,279.72, 57.95,  4.69, 31.32,
1990,11, 0.112,282.62, 61.47,  4.24, 32.86,
1990,12, 0.133,285.59, 66.09,  3.75, 34.92,
1990,13, 0.151,287.65, 68.52,  5.22, 36.87,
1990,14, 0.172,289.79, 69.77,  6.65, 38.21,
1990,15, 0.192,291.16, 69.27, 10.52, 39.89,
1990,16, 0.222,292.35, 70.68, 17.10, 43.89,
1990,17, 0.260,293.74, 73.19, 24.01, 48.60,
1990,18, 0.299,295.35, 75.97, 30.69, 53.33,
1990,19, 0.336,296.61, 78.11, 37.82, 57.97,
1990,20, 0.356,297.29, 72.52, 46.63, 59.57,
1990,21, 0.363,297.32, 63.64, 57.61, 60.62,
1990,22, 0.363,297.35, 52.00, 61.86, 56.93,
1990,23, 0.361,297.73, 44.92, 63.75, 54.34,
1990,24, 0.361,298.03, 44.13, 68.49, 56.31,
1990,25, 0.363,299.15, 47.41, 62.46, 54.94,
1990,26, 0.360,300.11, 49.07, 57.36, 53.22,
1990,27, 0.348,300.53, 46.35, 54.80, 50.58,
1990,28, 0.328,300.32, 40.08, 58.36, 49.22,
1990,29, 0.306,300.14, 32.82, 62.22, 47.52,
1990,30, 0.287,299.90, 27.22, 65.58, 46.40,
1990,31, 0.271,299.43, 25.15, 69.22, 47.18,
1990,32, 0.263,298.99, 25.33, 71.95, 48.64,
1990,33, 0.253,298.43, 23.74, 73.16, 48.45,
1990,34, 0.241,297.55, 22.70, 74.23, 48.47,
1990,35, 0.229,296.41, 23.16, 73.97, 48.56,
1990,36, 0.216,294.77, 24.82, 72.07, 48.45,
1990,37, 0.205,292.79, 27.98, 69.16, 48.57,
1990,38, 0.197,291.19, 31.77, 64.69, 48.23,
1990,39, 0.193,289.34, 36.71, 61.70, 49.21,
1990,40, 0.187,287.45, 40.27, 54.51, 47.39,
1990,41, 0.177,285.46, 42.95, 46.59, 44.77,
1990,42, 0.158,282.75, 42.40, 46.35, 44.38,
1990,43, 0.131,279.04, 38.58, 51.27, 44.93,
1990,44, 0.104,275.86, 33.07, 49.44, 41.26,
1990,45, 0.085,273.81, 29.64, 40.31, 34.98,
1990,46, 0.068,271.43, 26.58, 35.27, 30.92,
1990,47, 0.058,269.48, 26.17, 29.19, 27.68,
1990,48, 0.052,268.16, 27.70, 20.95, 24.33,
1990,49, 0.048,267.18, 29.52, 13.52, 21.52,
1990,50, 0.044,266.27, 31.71,  7.29, 19.50,
1990,51, 0.043,265.69, 36.53,  5.12, 20.82,
1990,52, 0.044,264.46, 47.12,  7.25, 27.18,
1991, 1, 0.047,263.95, 57.97,  8.33, 33.15,
1991, 2, 0.047,263.83, 60.73,  9.24, 34.99,
1991, 3, 0.047,262.63, 60.42, 15.84, 38.13,
1991, 4, 0.045,260.59, 53.79, 27.64, 40.72,
1991, 5, 0.042,260.34, 44.22, 34.55, 39.39,
1991, 6, 0.037,260.65, 32.86, 40.59, 36.73,
1991, 7, 0.031,259.76, 22.61, 51.51, 37.06,
1991, 8, 0.030,259.41, 20.06, 58.57, 39.32,
1991, 9, 0.033,259.33, 19.66, 63.79, 41.72,
1991,10, 0.036,260.76, 18.38, 66.24, 42.31,
1991,11, 0.039,262.67, 17.13, 69.02, 43.07,
1991,12, 0.052,266.30, 21.74, 67.83, 44.79,
1991,13, 0.070,271.45, 27.65, 61.55, 44.60,
1991,14, 0.090,276.73, 31.12, 52.62, 41.87,
1991,15, 0.122,281.77, 38.43, 45.61, 42.02,
1991,16, 0.160,284.81, 44.96, 48.14, 46.55,
1991,17, 0.199,287.42, 49.29, 56.24, 52.76,
1991,18, 0.237,289.89, 51.66, 65.46, 58.56,
1991,19, 0.275,291.53, 53.97, 75.33, 64.65,
1991,20, 0.313,292.78, 54.68, 82.72, 68.70,
1991,21, 0.349,294.57, 56.92, 80.65, 68.78,
1991,22, 0.377,296.69, 59.47, 67.51, 63.49,
1991,23, 0.398,298.13, 65.11, 60.43, 62.77,
1991,24, 0.407,299.17, 69.31, 57.77, 63.54,
1991,25, 0.415,300.57, 75.07, 48.71, 61.89,
1991,26, 0.411,301.74, 75.56, 41.86, 58.71,
1991,27, 0.397,302.26, 71.04, 39.36, 55.20,
1991,28, 0.381,302.41, 66.24, 40.30, 53.27,
1991,29, 0.366,302.76, 62.64, 39.80, 51.22,
1991,30, 0.349,303.02, 59.07, 39.38, 49.22,
1991,31, 0.323,302.45, 52.23, 44.27, 48.25,
1991,32, 0.300,301.54, 45.06, 50.41, 47.73,
1991,33, 0.281,300.56, 39.34, 53.31, 46.33,
1991,34, 0.265,299.07, 35.59, 58.73, 47.16,
1991,35, 0.251,297.66, 35.52, 60.72, 48.12,
1991,36, 0.237,296.41, 36.65, 55.28, 45.96,
1991,37, 0.229,295.28, 41.83, 44.71, 43.27,
1991,38, 0.222,294.40, 45.95, 30.81, 38.38,
1991,39, 0.212,293.49, 47.31, 15.92, 31.62,
1991,40, 0.195,291.47, 44.08, 12.07, 28.08,
1991,41, 0.170,288.62, 38.54, 13.93, 26.24,
1991,42, 0.142,285.39, 33.03, 20.08, 26.56,
1991,43, 0.116,281.34, 29.85, 31.78, 30.82,
1991,44, 0.093,277.22, 26.26, 39.59, 32.93,
1991,45, 0.077,273.20, 24.50, 43.31, 33.91,
1991,46, 0.070,269.96, 27.37, 41.97, 34.67,
1991,47, 0.063,267.30, 30.00, 38.48, 34.24,
1991,48, 0.059,264.63, 34.24, 36.07, 35.16,
1991,49, 0.054,262.13, 36.31, 35.73, 36.02,
1991,50, 0.051,260.09, 40.66, 35.10, 37.88,
1991,51, 0.050,258.53, 46.49, 37.57, 42.03,
1991,52, 0.050,257.80, 56.90, 39.04, 47.97,
1992, 1, 0.049,256.02, 62.37, 47.95, 55.16,
1992, 2, 0.047,253.37, 60.28, 60.76, 60.52,
1992, 3, 0.044,251.13, 55.79, 70.48, 63.14,
1992, 4, 0.041,249.95, 48.33, 76.18, 62.26,
1992, 5, 0.040,250.03, 41.33, 79.41, 60.37,
1992, 6, 0.038,250.88, 34.41, 79.59, 57.00,
1992, 7, 0.037,252.36, 28.07, 78.52, 53.29,
1992, 8, 0.040,255.89, 27.11, 71.17, 49.14,
1992, 9, 0.044,259.62, 27.08, 64.16, 45.62,
1992,10, 0.048,263.69, 26.29, 58.32, 42.30,
1992,11, 0.058,268.56, 28.77, 51.29, 40.03,
1992,12, 0.075,274.51, 34.38, 41.23, 37.81,
1992,13, 0.093,280.05, 39.35, 31.82, 35.59,
1992,14, 0.110,284.32, 40.72, 25.81, 33.26,
1992,15, 0.128,286.93, 41.26, 26.01, 33.63,
1992,16, 0.161,289.88, 45.55, 26.79, 36.17,
1992,17, 0.200,292.66, 49.63, 29.05, 39.34,
1992,18, 0.243,294.82, 54.17, 33.51, 43.84,
1992,19, 0.276,295.86, 54.87, 42.85, 48.86,
1992,20, 0.303,296.10, 50.95, 55.95, 53.45,
1992,21, 0.334,296.38, 49.96, 65.18, 57.57,
1992,22, 0.353,296.01, 46.87, 72.88, 59.87,
1992,23, 0.371,295.56, 50.27, 82.75, 66.51,
1992,24, 0.385,295.86, 57.41, 88.73, 73.07,
1992,25, 0.395,296.70, 64.28, 85.70, 74.99,
1992,26, 0.396,297.13, 67.53, 85.43, 76.48,
1992,27, 0.388,297.16, 66.09, 84.65, 75.37,
1992,28, 0.381,297.07, 66.05, 86.17, 76.11,
1992,29, 0.383,297.71, 71.02, 82.72, 76.87,
1992,30, 0.377,298.08, 73.03, 80.55, 76.79,
1992,31, 0.362,298.07, 71.23, 80.27, 75.75,
1992,32, 0.347,297.91, 69.58, 80.82, 75.20,
1992,33, 0.333,297.74, 67.77, 78.78, 73.28,
1992,34, 0.317,297.12, 64.86, 77.62, 71.24,
1992,35, 0.293,295.67, 59.89, 80.71, 70.30,
1992,36, 0.268,293.59, 54.86, 83.73, 69.29,
1992,37, 0.240,291.30, 48.00, 84.64, 66.32,
1992,38, 0.217,288.99, 43.50, 88.39, 65.94,
1992,39, 0.197,286.50, 39.53, 91.97, 65.75,
1992,40, 0.180,283.57, 36.88, 94.06, 65.47,
1992,41, 0.163,280.86, 35.41, 92.20, 63.80,
1992,42, 0.142,278.98, 34.07, 81.43, 57.75,
1992,43, 0.119,276.28, 31.86, 72.50, 52.18,
1992,44, 0.096,273.16, 28.61, 66.80, 47.71,
1992,45, 0.083,270.80, 28.01, 56.85, 42.43,
1992,46, 0.074,268.31, 30.74, 50.06, 40.40,
1992,47, 0.064,265.91, 30.95, 44.99, 37.97,
1992,48, 0.060,263.55, 35.07, 41.05, 38.06,
1992,49, 0.056,261.40, 38.23, 39.25, 38.74,
1992,50, 0.053,260.04, 43.00, 35.63, 39.32,
1992,51, 0.052,259.22, 49.59, 34.77, 42.18,
1992,52, 0.052,259.31, 60.63, 32.10, 46.36,
1993, 1, 0.054,259.78, 69.90, 29.10, 49.50,
1993, 2, 0.055,260.65, 73.02, 24.99, 49.00,
1993, 3, 0.057,261.83, 74.26, 20.34, 47.30,
1993, 4, 0.060,262.20, 72.35, 20.56, 46.45,
1993, 5, 0.061,262.58, 66.53, 24.20, 45.37,
1993, 6, 0.060,263.25, 56.05, 29.49, 42.77,
1993, 7, 0.056,263.28, 44.50, 38.01, 41.25,
1993, 8, 0.051,263.37, 35.87, 44.98, 40.43,
1993, 9, 0.047,263.65, 29.16, 50.75, 39.96,
1993,10, 0.046,265.04, 24.86, 54.38, 39.62,
1993,11, 0.048,267.38, 22.97, 56.20, 39.58,
1993,12, 0.056,270.68, 23.89, 55.24, 39.56,
1993,13, 0.065,274.32, 25.30, 52.64, 38.97,
1993,14, 0.079,277.86, 26.37, 49.12, 37.74,
1993,15, 0.100,281.46, 28.36, 46.71, 37.54,
1993,16, 0.125,284.65, 31.02, 48.56, 39.79,
1993,17, 0.167,287.86, 36.57, 53.78, 45.17,
1993,18, 0.216,290.71, 43.62, 60.22, 51.92,
1993,19, 0.259,292.82, 48.03, 66.03, 57.03,
1993,20, 0.297,293.85, 48.24, 74.11, 61.18,
1993,21, 0.329,293.97, 47.30, 84.01, 65.65,
1993,22, 0.351,294.01, 45.32, 87.08, 66.20,
1993,23, 0.368,294.63, 48.23, 88.08, 68.15,
1993,24, 0.377,294.91, 52.38, 92.35, 72.37,
1993,25, 0.387,295.24, 59.65, 93.50, 76.58,
1993,26, 0.393,295.77, 65.45, 92.85, 79.15,
1993,27, 0.394,296.44, 68.68, 88.59, 78.63,
1993,28, 0.388,296.93, 69.33, 85.79, 77.56,
1993,29, 0.382,297.28, 69.86, 85.15, 77.51,
1993,30, 0.379,297.82, 73.75, 82.25, 78.00,
1993,31, 0.374,297.92, 77.17, 81.22, 79.20,
1993,32, 0.361,297.23, 76.39, 85.71, 81.05,
1993,33, 0.346,296.06, 74.30, 90.48, 82.39,
1993,34, 0.331,294.75, 72.35, 92.90, 82.62,
1993,35, 0.321,293.42, 75.07, 93.93, 84.50,
1993,36, 0.310,291.95, 78.12, 93.13, 85.63,
1993,37, 0.291,290.16, 77.07, 91.51, 84.29,
1993,38, 0.275,288.63, 75.54, 89.44, 82.49,
1993,39, 0.256,287.30, 71.33, 82.51, 76.92,
1993,40, 0.228,285.39, 61.39, 75.16, 68.27,
1993,41, 0.193,282.92, 50.54, 71.40, 60.97,
1993,42, 0.156,280.09, 40.76, 70.15, 55.46,
1993,43, 0.125,276.93, 35.23, 66.44, 50.83,
1993,44, 0.101,274.46, 31.10, 57.90, 44.50,
1993,45, 0.079,272.63, 25.59, 46.65, 36.12,
1993,46, 0.060,271.16, 20.71, 36.26, 28.49,
1993,47, 0.045,270.41, 17.58, 24.92, 21.25,
1993,48, 0.042,269.74, 20.54, 14.11, 17.32,
1993,49, 0.039,269.10, 22.84,  6.02, 14.43,
1993,50, 0.035,268.24, 23.64,  2.57, 13.10,
1993,51, 0.036,267.76, 27.96,  1.47, 14.71,
1993,52, 0.039,266.84, 35.83,  1.70, 18.77,
1994, 1, 0.044,264.83, 46.93,  6.53, 26.73,
1994, 2, 0.063,262.01, 76.15, 18.68, 47.41,
1994, 3, 0.073,260.02, 90.60, 28.51, 59.56,
1994, 4, 0.070,258.65, 83.96, 36.86, 60.41,
1994, 5, 0.068,257.67, 73.76, 46.70, 60.23,
1994, 6, 0.065,257.18, 60.80, 55.09, 57.94,
1994, 7, 0.061,257.04, 48.83, 61.85, 55.34,
1994, 8, 0.059,257.34, 41.86, 66.14, 54.00,
1994, 9, 0.058,258.34, 37.17, 68.17, 52.67,
1994,10, 0.060,260.63, 34.03, 68.16, 51.10,
1994,11, 0.063,264.20, 32.11, 65.81, 48.96,
1994,12, 0.069,268.76, 30.98, 60.62, 45.80,
1994,13, 0.082,274.03, 33.43, 52.47, 42.95,
1994,14, 0.100,279.18, 35.69, 43.63, 39.66,
1994,15, 0.121,283.69, 37.59, 38.00, 37.80,
1994,16, 0.153,288.12, 42.05, 34.21, 38.13,
1994,17, 0.190,291.13, 45.61, 37.04, 41.32,
1994,18, 0.230,293.19, 49.12, 44.07, 46.60,
1994,19, 0.269,294.57, 51.81, 52.63, 52.22,
1994,20, 0.305,295.25, 51.31, 62.83, 57.07,
1994,21, 0.338,295.66, 51.60, 71.02, 61.31,
1994,22, 0.363,296.15, 51.72, 71.61, 61.67,
1994,23, 0.378,296.14, 53.96, 76.90, 65.43,
1994,24, 0.392,296.39, 60.73, 82.12, 71.42,
1994,25, 0.397,297.03, 64.93, 81.36, 73.14,
1994,26, 0.398,297.98, 68.32, 77.25, 72.78,
1994,27, 0.388,298.50, 66.05, 72.88, 69.47,
1994,28, 0.370,298.86, 60.39, 70.97, 65.68,
1994,29, 0.351,299.52, 55.05, 67.29, 61.17,
1994,30, 0.331,299.78, 49.78, 66.27, 58.02,
1994,31, 0.312,299.67, 46.28, 66.95, 56.61,
1994,32, 0.296,299.44, 42.71, 67.80, 55.25,
1994,33, 0.281,299.31, 39.38, 64.70, 52.04,
1994,34, 0.271,299.40, 39.10, 56.24, 47.67,
1994,35, 0.264,299.62, 43.36, 43.33, 43.35,
1994,36, 0.262,299.83, 51.75, 26.61, 39.18,
1994,37,-1.000, -1.00, -1.00, -1.00, -1.00,
1994,38,-1.000, -1.00, -1.00, -1.00, -1.00,
1994,39,-1.000, -1.00, -1.00, -1.00, -1.00,
1994,40,-1.000, -1.00, -1.00, -1.00, -1.00,
1994,41,-1.000, -1.00, -1.00, -1.00, -1.00,
1994,42,-1.000, -1.00, -1.00, -1.00, -1.00,
1994,43,-1.000, -1.00, -1.00, -1.00, -1.00,
1994,44,-1.000, -1.00, -1.00, -1.00, -1.00,
1994,45,-1.000, -1.00, -1.00, -1.00, -1.00,
1994,46,-1.000, -1.00, -1.00, -1.00, -1.00,
1994,47,-1.000, -1.00, -1.00, -1.00, -1.00,
1994,48,-1.000, -1.00, -1.00, -1.00, -1.00,
1994,49,-1.000, -1.00, -1.00, -1.00, -1.00,
1994,50,-1.000, -1.00, -1.00, -1.00, -1.00,
1994,51,-1.000, -1.00, -1.00, -1.00, -1.00,
1994,52,-1.000, -1.00, -1.00, -1.00, -1.00,
1995, 1,-1.000, -1.00, -1.00, -1.00, -1.00,
1995, 2,-1.000, -1.00, -1.00, -1.00, -1.00,
1995, 3,-1.000, -1.00, -1.00, -1.00, -1.00,
1995, 4,-1.000, -1.00, -1.00, -1.00, -1.00,
1995, 5,-1.000, -1.00, -1.00, -1.00, -1.00,
1995, 6,-1.000, -1.00, -1.00, -1.00, -1.00,
1995, 7, 0.037,263.87, 26.72, 35.73, 31.23,
1995, 8, 0.042,269.14, 27.85, 24.24, 26.04,
1995, 9, 0.048,273.23, 29.17, 17.60, 23.39,
1995,10, 0.055,276.62, 30.55, 14.71, 22.63,
1995,11, 0.064,279.07, 32.03, 15.93, 23.98,
1995,12, 0.074,281.19, 33.69, 18.71, 26.20,
1995,13, 0.093,283.85, 38.75, 18.92, 28.84,
1995,14, 0.120,287.30, 44.98, 15.86, 30.42,
1995,15, 0.151,290.51, 50.63, 13.44, 32.04,
1995,16, 0.182,292.87, 53.80, 15.59, 34.69,
1995,17, 0.215,294.42, 55.05, 21.30, 38.18,
1995,18, 0.253,296.18, 57.42, 25.74, 41.58,
1995,19, 0.291,297.99, 59.96, 27.23, 43.59,
1995,20, 0.334,299.55, 63.43, 27.96, 45.70,
1995,21, 0.369,301.08, 66.15, 25.47, 45.81,
1995,22, 0.388,301.96, 64.90, 22.54, 43.72,
1995,23, 0.400,302.46, 65.56, 21.42, 43.49,
1995,24, 0.403,302.12, 66.37, 29.51, 47.94,
1995,25, 0.404,301.42, 68.19, 40.94, 54.57,
1995,26, 0.410,301.53, 74.19, 44.11, 59.15,
1995,27, 0.419,301.69, 81.22, 44.60, 62.91,
1995,28, 0.421,301.73, 84.87, 46.35, 65.61,
1995,29, 0.414,301.59, 85.53, 50.08, 67.81,
1995,30, 0.401,301.38, 84.40, 53.55, 68.97,
1995,31, 0.382,300.93, 81.73, 57.13, 69.43,
1995,32, 0.364,300.39, 78.76, 60.22, 69.49,
1995,33, 0.349,300.05, 76.26, 58.03, 67.15,
1995,34, 0.331,299.46, 72.61, 55.14, 63.88,
1995,35, 0.308,298.48, 68.32, 52.58, 60.45,
1995,36, 0.287,297.02, 65.18, 49.11, 57.14,
1995,37, 0.267,294.86, 63.31, 48.97, 56.14,
1995,38, 0.254,292.48, 63.89, 51.29, 57.59,
1995,39, 0.247,290.30, 66.16, 50.53, 58.34,
1995,40, 0.238,288.21, 66.83, 45.82, 56.32,
1995,41, 0.224,285.88, 66.29, 41.53, 53.91,
1995,42, 0.201,282.64, 64.09, 46.46, 55.28,
1995,43, 0.171,279.32, 59.16, 48.86, 54.01,
1995,44, 0.129,275.20, 46.51, 53.91, 50.21,
1995,45, 0.097,271.31, 36.55, 54.84, 45.69,
1995,46, 0.075,268.38, 30.45, 50.52, 40.48,
1995,47, 0.059,266.56, 26.03, 42.43, 34.23,
1995,48, 0.048,264.87, 22.91, 35.46, 29.18,
1995,49, 0.039,263.00, 18.84, 32.21, 25.52,
1995,50, 0.030,261.27, 13.17, 30.10, 21.63,
1995,51, 0.023,260.14,  6.31, 30.52, 18.42,
1995,52, 0.019,258.57,  4.33, 35.58, 19.95,
1996, 1, 0.015,257.34,  3.42, 40.87, 22.14,
1996, 2, 0.012,256.81,  2.59, 43.25, 22.92,
1996, 3, 0.009,256.05,  2.25, 47.20, 24.72,
1996, 4, 0.008,255.01,  2.03, 53.81, 27.92,
1996, 5, 0.006,253.90,  1.69, 63.74, 32.71,
1996, 6, 0.005,251.77,  1.28, 77.41, 39.34,
1996, 7, 0.006,251.12,  1.17, 83.68, 42.42,
1996, 8, 0.006,251.18,  1.21, 86.91, 44.06,
1996, 9, 0.007,252.33,  1.35, 87.37, 44.36,
1996,10, 0.012,255.58,  2.62, 84.34, 43.48,
1996,11, 0.020,259.30,  5.86, 81.63, 43.75,
1996,12, 0.034,264.19, 12.25, 76.06, 44.16,
1996,13, 0.054,268.91, 19.39, 71.01, 45.20,
1996,14, 0.079,274.36, 25.93, 61.45, 43.69,
1996,15, 0.116,280.55, 35.08, 50.40, 42.74,
1996,16, 0.161,285.94, 44.87, 43.56, 44.22,
1996,17, 0.207,290.29, 51.95, 41.78, 46.87,
1996,18, 0.254,294.07, 58.05, 39.19, 48.62,
1996,19, 0.289,295.98, 59.33, 42.52, 50.92,
1996,20, 0.320,297.86, 57.79, 41.85, 49.82,
1996,21, 0.344,298.88, 54.69, 44.31, 49.50,
1996,22, 0.364,299.82, 51.98, 40.84, 46.41,
1996,23, 0.377,300.98, 52.85, 34.81, 43.83,
1996,24, 0.384,302.08, 56.03, 30.19, 43.11,
1996,25, 0.386,303.44, 58.58, 21.63, 40.11,
1996,26, 0.379,304.62, 58.06, 15.07, 36.57,
1996,27, 0.364,305.26, 53.56, 13.05, 33.31,
1996,28, 0.349,305.63, 49.80, 12.80, 31.30,
1996,29, 0.334,305.75, 46.06, 14.48, 30.27,
1996,30, 0.314,304.95, 40.80, 23.51, 32.15,
1996,31, 0.299,303.52, 39.03, 35.68, 37.35,
1996,32, 0.291,302.04, 39.50, 46.35, 42.92,
1996,33, 0.288,300.49, 42.54, 54.17, 48.35,
1996,34, 0.285,298.76, 46.11, 62.03, 54.07,
1996,35, 0.280,296.87, 51.99, 68.98, 60.48,
1996,36, 0.272,294.11, 56.45, 78.54, 67.50,
1996,37, 0.269,291.31, 64.33, 84.55, 74.44,
1996,38, 0.268,289.44, 71.78, 83.66, 77.72,
1996,39, 0.267,288.13, 77.15, 74.59, 75.87,
1996,40, 0.261,287.01, 78.58, 58.65, 68.61,
1996,41, 0.248,285.75, 78.17, 42.88, 60.52,
1996,42, 0.223,283.83, 75.45, 34.63, 55.04,
1996,43, 0.185,282.00, 66.17, 26.45, 46.31,
1996,44, 0.161,280.44, 63.46, 17.99, 40.72,
1996,45, 0.145,278.55, 65.04, 12.99, 39.01,
1996,46, 0.130,276.33, 67.46, 11.22, 39.34,
1996,47, 0.111,273.52, 66.03, 11.37, 38.70,
1996,48, 0.092,270.18, 63.81, 12.35, 38.08,
1996,49, 0.072,266.55, 54.37, 16.56, 35.47,
1996,50, 0.057,263.08, 47.01, 21.84, 34.43,
1996,51, 0.047,260.76, 41.61, 27.51, 34.56,
1996,52, 0.042,259.22, 41.92, 32.19, 37.06,
1997, 1, 0.036,258.37, 39.27, 35.93, 37.60,
1997, 2, 0.030,258.01, 32.43, 37.84, 35.14,
1997, 3, 0.026,257.63, 27.51, 39.96, 33.74,
1997, 4, 0.025,258.71, 24.79, 36.66, 30.72,
1997, 5, 0.025,259.95, 23.57, 36.41, 29.99,
1997, 6, 0.029,261.51, 24.02, 37.12, 30.57,
1997, 7, 0.035,264.38, 25.38, 34.08, 29.73,
1997, 8, 0.042,267.16, 27.98, 31.68, 29.83,
1997, 9, 0.050,270.36, 30.50, 27.86, 29.18,
1997,10, 0.063,273.80, 35.59, 24.67, 30.13,
1997,11, 0.083,277.60, 42.96, 21.30, 32.13,
1997,12, 0.103,280.82, 49.08, 19.91, 34.49,
1997,13, 0.125,283.31, 54.66, 20.56, 37.61,
1997,14, 0.146,285.37, 57.04, 22.47, 39.76,
1997,15, 0.172,287.64, 59.77, 23.81, 41.79,
1997,16, 0.207,290.11, 63.80, 26.44, 45.12,
1997,17, 0.252,292.59, 69.24, 30.13, 49.68,
1997,18, 0.289,293.89, 71.46, 40.21, 55.83,
1997,19, 0.328,295.40, 74.34, 46.94, 60.64,
1997,20, 0.362,297.02, 74.97, 48.76, 61.87,
1997,21, 0.385,297.49, 73.66, 56.19, 64.93,
1997,22, 0.397,297.33, 69.58, 62.13, 65.86,
1997,23, 0.407,297.60, 69.45, 65.14, 67.30,
1997,24, 0.417,298.33, 74.04, 66.01, 70.02,
1997,25, 0.420,298.64, 76.88, 67.44, 72.16,
1997,26, 0.416,298.45, 77.40, 73.23, 75.32,
1997,27, 0.405,297.84, 74.86, 78.94, 76.90,
1997,28, 0.396,297.47, 73.32, 83.01, 78.17,
1997,29, 0.392,297.50, 75.20, 84.68, 79.94,
1997,30, 0.391,297.50, 79.30, 85.47, 82.38,
1997,31, 0.384,297.23, 82.39, 87.21, 84.80,
1997,32, 0.377,296.95, 84.90, 88.83, 86.87,
1997,33, 0.370,296.82, 86.49, 86.84, 86.67,
1997,34, 0.356,296.65, 85.26, 81.72, 83.49,
1997,35, 0.336,296.10, 83.19, 76.31, 79.75,
1997,36, 0.318,295.11, 82.53, 68.55, 75.54,
1997,37, 0.297,293.65, 80.21, 61.17, 70.69,
1997,38, 0.271,291.81, 74.00, 58.30, 66.15,
1997,39, 0.240,288.93, 62.91, 65.32, 64.11,
1997,40, 0.208,286.14, 50.96, 67.31, 59.13,
1997,41, 0.182,284.15, 44.83, 59.08, 51.96,
1997,42, 0.163,281.76, 44.46, 55.13, 49.80,
1997,43, 0.144,278.17, 44.79, 57.90, 51.35,
1997,44, 0.124,274.45, 43.94, 58.81, 51.38,
1997,45, 0.100,270.65, 38.21, 58.82, 48.51,
1997,46, 0.078,266.28, 32.63, 61.08, 46.86,
1997,47, 0.063,261.57, 29.51, 64.81, 47.16,
1997,48, 0.052,257.59, 27.52, 67.58, 47.55,
1997,49, 0.047,255.44, 28.28, 66.25, 47.27,
1997,50, 0.043,254.22, 30.39, 62.73, 46.56,
1997,51, 0.042,253.77, 33.94, 59.84, 46.89,
1997,52, 0.040,253.68, 39.71, 58.99, 49.35,
1998, 1, 0.039,254.97, 44.26, 52.58, 48.42,
1998, 2, 0.042,257.33, 50.34, 40.87, 45.60,
1998, 3, 0.044,258.86, 52.91, 34.21, 43.56,
1998, 4, 0.045,259.28, 50.37, 34.28, 42.32,
1998, 5, 0.046,259.93, 46.34, 36.71, 41.53,
1998, 6, 0.047,261.40, 41.89, 37.73, 39.81,
1998, 7, 0.050,263.17, 38.19, 38.79, 38.49,
1998, 8, 0.053,264.12, 36.66, 42.37, 39.51,
1998, 9, 0.057,265.71, 35.85, 43.61, 39.73,
1998,10, 0.063,267.89, 35.89, 44.68, 40.28,
1998,11, 0.072,270.81, 37.02, 44.61, 40.81,
1998,12, 0.086,273.85, 40.04, 44.45, 42.25,
1998,13, 0.106,277.78, 45.29, 40.53, 42.91,
1998,14, 0.131,281.89, 50.45, 34.86, 42.65,
1998,15, 0.168,285.95, 58.17, 29.95, 44.06,
1998,16, 0.212,289.74, 66.19, 27.73, 46.96,
1998,17, 0.262,292.95, 73.46, 28.05, 50.76,
1998,18, 0.303,294.79, 76.99, 34.19, 55.59,
1998,19, 0.341,296.51, 79.83, 38.38, 59.10,
1998,20, 0.371,298.06, 78.78, 40.18, 59.48,
1998,21, 0.395,298.89, 78.05, 44.10, 61.07,
1998,22, 0.409,299.55, 75.74, 43.04, 59.39,
1998,23, 0.415,300.23, 73.81, 41.30, 57.55,
1998,24, 0.413,300.69, 71.63, 42.98, 57.31,
1998,25, 0.409,300.71, 70.79, 47.49, 59.14,
1998,26, 0.404,300.58, 70.95, 53.09, 62.02,
1998,27, 0.399,301.02, 71.27, 50.61, 60.94,
1998,28, 0.393,301.75, 71.61, 46.08, 58.84,
1998,29, 0.387,302.61, 72.40, 40.92, 56.66,
1998,30, 0.377,303.16, 72.38, 38.12, 55.25,
1998,31, 0.360,303.05, 70.22, 39.13, 54.68,
1998,32, 0.345,302.34, 68.33, 43.59, 55.96,
1998,33, 0.333,301.27, 67.35, 47.18, 57.27,
1998,34, 0.322,300.34, 67.44, 47.29, 57.36,
1998,35, 0.310,299.75, 69.51, 40.61, 55.06,
1998,36, 0.294,298.77, 69.39, 32.20, 50.79,
1998,37, 0.275,297.26, 67.96, 25.42, 46.69,
1998,38, 0.255,295.28, 64.55, 21.84, 43.19,
1998,39, 0.235,292.50, 59.67, 26.94, 43.30,
1998,40, 0.215,289.49, 54.34, 32.65, 43.50,
1998,41, 0.192,286.68, 49.81, 33.48, 41.64,
1998,42, 0.167,283.71, 46.57, 35.85, 41.21,
1998,43, 0.143,280.94, 44.92, 35.11, 40.02,
1998,44, 0.121,277.84, 42.45, 35.49, 38.97,
1998,45, 0.104,274.53, 41.23, 35.91, 38.57,
1998,46, 0.090,271.01, 41.25, 37.10, 39.17,
1998,47, 0.078,267.83, 41.66, 36.36, 39.01,
1998,48, 0.069,265.28, 42.70, 33.45, 38.08,
1998,49, 0.060,263.23, 41.46, 31.09, 36.27,
1998,50, 0.053,261.82, 42.67, 27.40, 35.03,
1998,51, 0.050,260.45, 45.18, 28.83, 37.00,
1998,52, 0.046,258.62, 49.28, 35.07, 42.18,
1999, 1, 0.045,257.60, 54.30, 39.70, 47.00,
1999, 2, 0.046,257.37, 57.98, 40.84, 49.41,
1999, 3, 0.047,256.57, 59.24, 45.08, 52.16,
1999, 4, 0.048,254.92, 56.42, 54.30, 55.36,
1999, 5, 0.048,253.81, 51.13, 63.52, 57.32,
1999, 6, 0.051,254.63, 46.44, 64.67, 55.56,
1999, 7, 0.054,256.57, 41.78, 62.53, 52.16,
1999, 8, 0.056,259.12, 38.95, 58.88, 48.92,
1999, 9, 0.060,263.26, 38.34, 50.68, 44.51,
1999,10, 0.069,268.69, 40.11, 40.81, 40.46,
1999,11, 0.084,274.34, 44.04, 31.74, 37.89,
1999,12, 0.103,278.90, 49.22, 26.39, 37.80,
1999,13, 0.127,282.74, 55.94, 22.41, 39.17,
1999,14, 0.158,286.87, 62.51, 16.93, 39.72,
1999,15, 0.193,290.80, 69.08, 11.90, 40.49,
1999,16, 0.230,293.07, 72.83, 14.49, 43.66,
1999,17, 0.263,294.26, 73.50, 22.09, 47.80,
1999,18, 0.292,295.40, 72.53, 30.99, 51.76,
1999,19, 0.321,296.79, 71.86, 36.64, 54.25,
1999,20, 0.354,298.03, 71.72, 40.59, 56.15,
1999,21, 0.388,299.50, 75.32, 39.09, 57.20,
1999,22, 0.411,300.94, 77.14, 31.20, 54.17,
1999,23, 0.424,302.07, 78.73, 24.73, 51.73,
1999,24, 0.426,302.74, 78.87, 23.33, 51.10,
1999,25, 0.420,303.38, 76.94, 21.73, 49.34,
1999,26, 0.410,303.88, 74.00, 21.47, 47.73,
1999,27, 0.400,304.50, 71.73, 19.26, 45.50,
1999,28, 0.389,304.73, 69.50, 20.05, 44.78,
1999,29, 0.377,304.35, 67.34, 25.97, 46.66,
1999,30, 0.362,303.76, 64.67, 33.01, 48.84,
1999,31, 0.347,302.74, 62.76, 41.52, 52.14,
1999,32, 0.333,301.73, 61.22, 48.40, 54.81,
1999,33, 0.322,300.99, 60.63, 49.55, 55.09,
1999,34, 0.313,300.22, 61.82, 48.37, 55.09,
1999,35, 0.298,298.73, 61.56, 50.68, 56.12,
1999,36, 0.278,297.14, 59.44, 48.37, 53.91,
1999,37, 0.252,295.64, 54.17, 41.16, 47.67,
1999,38, 0.225,294.36, 46.76, 31.23, 38.99,
1999,39, 0.199,292.20, 39.38, 30.09, 34.73,
1999,40, 0.172,289.14, 31.75, 36.28, 34.01,
1999,41, 0.145,285.12, 25.60, 49.31, 37.45,
1999,42, 0.122,280.56, 22.90, 66.13, 44.51,
1999,43, 0.101,276.93, 21.97, 67.27, 44.62,
1999,44, 0.084,273.70, 21.45, 63.39, 42.42,
1999,45, 0.071,270.32, 20.91, 59.71, 40.31,
1999,46, 0.061,266.50, 21.41, 58.81, 40.11,
1999,47, 0.053,263.21, 22.17, 56.62, 39.39,
1999,48, 0.047,261.14, 23.10, 51.30, 37.20,
1999,49, 0.044,259.63, 25.75, 46.97, 36.36,
1999,50, 0.042,259.53, 29.28, 37.90, 33.59,
1999,51, 0.042,259.59, 34.45, 32.90, 33.68,
1999,52, 0.041,259.56, 41.31, 30.50, 35.90,
2000, 1, 0.040,259.23, 45.97, 31.34, 38.66,
2000, 2, 0.040,258.13, 48.83, 36.87, 42.85,
2000, 3, 0.039,256.75, 48.01, 43.87, 45.94,
2000, 4, 0.039,256.46, 44.77, 46.94, 45.85,
2000, 5, 0.039,257.52, 40.04, 47.36, 43.70,
2000, 6, 0.039,258.82, 34.48, 48.25, 41.37,
2000, 7, 0.039,260.33, 28.61, 49.22, 38.91,
2000, 8, 0.038,262.38, 25.26, 47.90, 36.58,
2000, 9, 0.041,265.34, 24.44, 43.96, 34.20,
2000,10, 0.045,267.87, 24.13, 43.75, 33.94,
2000,11, 0.052,271.09, 24.78, 42.89, 33.84,
2000,12, 0.059,274.20, 25.78, 42.77, 34.28,
2000,13, 0.072,278.26, 28.43, 38.62, 33.53,
2000,14, 0.092,282.99, 31.87, 30.95, 31.41,
2000,15, 0.117,286.94, 35.44, 26.39, 30.92,
2000,16, 0.153,289.74, 41.59, 27.81, 34.70,
2000,17, 0.194,291.86, 46.93, 33.57, 40.25,
2000,18, 0.230,293.42, 48.85, 43.10, 45.98,
2000,19, 0.259,294.56, 47.72, 53.32, 50.52,
2000,20, 0.289,295.80, 44.73, 58.88, 51.80,
2000,21, 0.312,296.91, 39.58, 61.03, 50.31,
2000,22, 0.333,297.95, 36.40, 56.93, 46.67,
2000,23, 0.346,298.13, 36.16, 60.38, 48.27,
2000,24, 0.362,298.01, 44.50, 68.93, 56.72,
2000,25, 0.376,297.60, 53.79, 77.10, 65.44,
2000,26, 0.386,297.51, 61.50, 81.38, 71.44,
2000,27, 0.387,297.74, 64.82, 79.41, 72.12,
2000,28, 0.381,297.82, 65.31, 79.52, 72.42,
2000,29, 0.378,298.09, 67.31, 79.09, 73.20,
2000,30, 0.375,298.58, 70.86, 76.07, 73.46,
2000,31, 0.359,298.12, 68.85, 79.27, 74.06,
2000,32, 0.341,297.69, 65.44, 81.87, 73.65,
2000,33, 0.325,297.58, 61.75, 79.77, 70.76,
2000,34, 0.302,296.81, 55.39, 80.02, 67.70,
2000,35, 0.279,295.35, 50.76, 82.78, 66.77,
2000,36, 0.257,293.60, 47.28, 82.37, 64.83,
2000,37, 0.238,291.75, 45.97, 79.29, 62.63,
2000,38, 0.225,290.57, 46.97, 71.29, 59.13,
2000,39, 0.211,289.05, 46.33, 64.03, 55.18,
2000,40, 0.191,287.57, 42.26, 52.27, 47.26,
2000,41, 0.167,285.72, 37.38, 42.70, 40.04,
2000,42, 0.143,283.73, 34.23, 35.29, 34.76,
2000,43, 0.121,281.48, 33.07, 30.83, 31.95,
2000,44, 0.099,278.53, 30.15, 31.06, 30.60,
2000,45, 0.083,276.09, 28.85, 27.00, 27.93,
2000,46, 0.073,273.59, 30.90, 24.45, 27.68,
2000,47, 0.065,271.66, 33.29, 19.40, 26.34,
2000,48, 0.063,270.88, 38.21,  9.48, 23.84,
2000,49, 0.062,269.99, 42.43,  3.41, 22.92,
2000,50, 0.058,268.55, 45.30,  2.44, 23.87,
2000,51, 0.056,267.36, 49.23,  3.35, 26.29,
2000,52, 0.059,266.72, 59.73,  3.72, 31.72,
2001, 1, 0.063,265.84, 73.57,  6.05, 39.81,
2001, 2, 0.056,264.60, 73.34, 10.51, 41.92,
2001, 3, 0.059,263.84, 76.06, 14.30, 45.18,
2001, 4, 0.062,263.91, 72.90, 15.72, 44.31,
2001, 5, 0.062,264.11, 64.32, 18.93, 41.63,
2001, 6, 0.064,264.29, 57.41, 25.91, 41.66,
2001, 7, 0.067,264.96, 52.08, 31.90, 41.99,
2001, 8, 0.074,267.37, 51.91, 30.68, 41.30,
2001, 9, 0.084,270.37, 54.30, 27.54, 40.92,
2001,10, 0.101,273.69, 60.42, 25.06, 42.74,
2001,11, 0.121,277.75, 66.27, 21.05, 43.66,
2001,12, 0.137,281.15, 67.74, 19.18, 43.46,
2001,13, 0.154,284.50, 69.12, 16.56, 42.84,
2001,14, 0.170,286.60, 68.01, 18.14, 43.07,
2001,15, 0.185,288.42, 65.06, 20.89, 42.97,
2001,16, 0.206,290.36, 63.11, 25.40, 44.25,
2001,17, 0.235,291.43, 62.14, 36.03, 49.09,
2001,18, 0.268,292.03, 62.87, 52.07, 57.47,
2001,19, 0.300,292.39, 62.86, 68.77, 65.81,
2001,20, 0.327,293.01, 60.01, 81.15, 70.58,
2001,21, 0.348,293.38, 56.23, 90.22, 73.22,
2001,22, 0.369,293.20, 54.67, 96.01, 75.34,
2001,23, 0.387,294.20, 58.03, 94.54, 76.29,
2001,24, 0.404,296.09, 66.69, 86.86, 76.77,
2001,25, 0.413,297.46, 73.07, 78.73, 75.90,
2001,26, 0.417,299.30, 77.73, 65.36, 71.54,
2001,27, 0.414,301.02, 78.54, 50.63, 64.59,
2001,28, 0.402,302.17, 75.71, 42.49, 59.10,
2001,29, 0.386,302.91, 71.78, 38.55, 55.17,
2001,30, 0.371,303.69, 69.28, 33.95, 51.62,
2001,31, 0.357,304.11, 68.91, 30.62, 49.76,
2001,32, 0.337,303.16, 64.23, 36.82, 50.52,
2001,33, 0.320,301.98, 60.28, 40.87, 50.58,
2001,34, 0.308,300.92, 59.87, 41.68, 50.78,
2001,35, 0.295,298.99, 60.77, 48.30, 54.54,
2001,36, 0.283,296.67, 62.79, 53.33, 58.06,
2001,37, 0.272,294.37, 66.22, 54.30, 60.26,
2001,38, 0.267,292.17, 71.00, 54.95, 62.97,
2001,39, 0.261,290.05, 73.75, 53.66, 63.71,
2001,40, 0.253,287.32, 74.24, 55.37, 64.80,
2001,41, 0.242,284.45, 75.74, 56.03, 65.89,
2001,42, 0.229,281.99, 79.04, 52.23, 65.64,
2001,43, 0.213,279.30, 81.87, 48.14, 65.00,
2001,44, 0.193,276.29, 82.62, 45.75, 64.19,
2001,45, 0.166,272.59, 78.82, 46.59, 62.70,
2001,46, 0.140,268.97, 75.62, 46.62, 61.12,
2001,47, 0.123,265.82, 75.81, 44.93, 60.37,
2001,48, 0.102,261.50, 72.85, 49.38, 61.11,
2001,49, 0.084,257.45, 67.12, 56.07, 61.59,
2001,50, 0.073,254.29, 66.66, 60.80, 63.73,
2001,51, 0.065,252.15, 67.68, 66.11, 66.90,
2001,52, 0.060,251.12, 71.40, 70.63, 71.02,
2002, 1, 0.058,251.58, 76.58, 69.73, 73.16,
2002, 2, 0.060,253.42, 80.80, 60.48, 70.64,
2002, 3, 0.068,257.07, 88.59, 43.17, 65.88,
2002, 4, 0.078,261.01, 93.93, 26.66, 60.30,
2002, 5, 0.089,264.90, 93.67, 14.53, 54.10,
2002, 6, 0.102,268.56, 93.33,  8.07, 50.70,
2002, 7, 0.117,272.09, 92.35,  4.98, 48.67,
2002, 8, 0.129,275.11, 92.67,  3.41, 48.04,
2002, 9, 0.142,277.56, 94.02,  3.13, 48.57,
2002,10, 0.155,280.13, 94.96,  3.19, 49.07,
2002,11, 0.171,283.05, 95.49,  2.86, 49.18,
2002,12, 0.191,285.62, 96.06,  3.64, 49.85,
2002,13, 0.208,287.88, 95.34,  4.56, 49.95,
2002,14, 0.226,289.97, 93.81,  6.13, 49.97,
2002,15, 0.244,291.70, 91.26,  8.59, 49.92,
2002,16, 0.268,293.68, 88.21, 11.87, 50.04,
2002,17, 0.299,295.75, 87.47, 14.23, 50.85,
2002,18, 0.331,297.34, 87.44, 18.01, 52.72,
2002,19, 0.360,298.75, 87.06, 21.42, 54.24,
2002,20, 0.380,299.81, 82.08, 25.73, 53.90,
2002,21, 0.389,300.49, 75.28, 30.42, 52.85,
2002,22, 0.393,301.25, 67.32, 28.56, 47.94,
2002,23, 0.391,301.80, 60.22, 27.32, 43.77,
2002,24, 0.381,302.56, 54.37, 25.31, 39.84,
2002,25, 0.374,303.56, 52.37, 20.47, 36.42,
2002,26, 0.364,304.32, 50.47, 17.84, 34.16,
2002,27, 0.353,304.84, 48.12, 16.61, 32.37,
2002,28, 0.340,305.00, 45.77, 18.06, 31.92,
2002,29, 0.326,304.82, 42.50, 22.41, 32.45,
2002,30, 0.317,304.23, 42.07, 29.70, 35.89,
2002,31, 0.313,303.66, 46.12, 34.54, 40.33,
2002,32, 0.311,303.05, 50.17, 37.88, 44.02,
2002,33, 0.306,302.11, 52.47, 39.62, 46.05,
2002,34, 0.297,301.03, 53.40, 40.46, 46.93,
2002,35, 0.285,299.44, 54.80, 43.76, 49.28,
2002,36, 0.271,297.11, 55.93, 48.89, 52.41,
2002,37, 0.258,293.91, 57.45, 58.92, 58.18,
2002,38, 0.247,290.78, 59.32, 69.67, 64.49,
2002,39, 0.234,287.92, 58.34, 76.12, 67.23,
2002,40, 0.216,285.06, 54.72, 77.89, 66.30,
2002,41, 0.197,281.60, 52.56, 82.42, 67.49,
2002,42, 0.173,277.73, 49.97, 88.65, 69.31,
2002,43, 0.148,274.03, 47.46, 86.59, 67.02,
2002,44, 0.131,271.17, 48.14, 77.81, 62.97,
2002,45, 0.124,269.02, 53.46, 65.98, 59.72,
2002,46, 0.122,267.32, 63.28, 54.38, 58.83,
2002,47, 0.120,265.49, 72.83, 46.41, 59.62,
2002,48, 0.111,263.39, 79.89, 41.47, 60.68,
2002,49, 0.105,261.83, 85.45, 37.15, 61.30,
2002,50, 0.096,259.43, 91.85, 38.21, 65.03,
2002,51, 0.086,257.28, 93.18, 43.34, 68.26,
2002,52, 0.072,256.40, 88.30, 45.79, 67.05,
2003, 1, 0.057,255.65, 73.82, 49.66, 61.74,
2003, 2, 0.048,254.49, 61.76, 54.87, 58.32,
2003, 3, 0.040,252.89, 48.00, 61.75, 54.87,
2003, 4, 0.031,251.32, 33.24, 69.66, 51.45,
2003, 5, 0.025,251.28, 22.88, 73.97, 48.42,
2003, 6, 0.020,252.44, 16.09, 73.82, 44.95,
2003, 7, 0.020,253.91, 13.06, 73.20, 43.13,
2003, 8, 0.020,255.82, 11.70, 71.43, 41.56,
2003, 9, 0.021,257.67, 10.41, 70.54, 40.47,
2003,10, 0.023,259.95,  9.83, 70.73, 40.28,
2003,11, 0.031,261.99, 12.24, 73.48, 42.86,
2003,12, 0.045,265.37, 18.20, 72.68, 45.44,
2003,13, 0.065,270.55, 25.13, 65.61, 45.37,
2003,14, 0.091,276.66, 31.77, 53.51, 42.64,
2003,15, 0.121,282.07, 37.53, 44.89, 41.21,
2003,16, 0.151,286.90, 41.17, 39.96, 40.56,
2003,17, 0.182,290.93, 42.30, 39.07, 40.69,
2003,18, 0.217,295.09, 43.98, 32.98, 38.48,
2003,19, 0.256,298.05, 46.64, 27.28, 36.96,
2003,20, 0.293,299.98, 46.45, 24.91, 35.68,
2003,21, 0.323,301.42, 44.42, 23.01, 33.71,
2003,22, 0.341,301.58, 40.03, 26.05, 33.04,
2003,23, 0.350,300.75, 37.99, 37.05, 37.52,
2003,24, 0.355,299.76, 40.44, 52.80, 46.62,
2003,25, 0.363,298.76, 46.11, 66.76, 56.43,
2003,26, 0.372,297.73, 54.08, 79.76, 66.92,
2003,27, 0.383,296.99, 62.72, 85.35, 74.04,
2003,28, 0.397,296.64, 73.04, 88.46, 80.75,
2003,29, 0.406,296.43, 80.63, 90.92, 85.77,
2003,30, 0.410,296.45, 86.31, 91.10, 88.70,
2003,31, 0.412,296.71, 90.36, 89.48, 89.92,
2003,32, 0.404,296.59, 91.16, 89.48, 90.32,
2003,33, 0.394,296.78, 91.22, 85.99, 88.61,
2003,34, 0.380,296.69, 90.38, 81.35, 85.87,
2003,35, 0.364,296.09, 90.49, 76.55, 83.52,
2003,36, 0.347,295.34, 90.65, 66.39, 78.52,
2003,37, 0.328,294.57, 90.46, 52.11, 71.28,
2003,38, 0.303,293.62, 87.47, 39.31, 63.39,
2003,39, 0.277,291.70, 80.47, 35.68, 58.07,
2003,40, 0.245,288.93, 69.57, 38.53, 54.05,
2003,41, 0.217,286.27, 62.72, 37.59, 50.16,
2003,42, 0.187,282.65, 57.09, 46.51, 51.80,
2003,43, 0.161,278.78, 53.93, 53.07, 53.50,
2003,44, 0.141,275.91, 53.44, 48.79, 51.11,
2003,45, 0.123,273.05, 52.17, 44.74, 48.46,
2003,46, 0.104,269.52, 50.28, 45.15, 47.71,
2003,47, 0.083,265.11, 44.84, 49.21, 47.03,
2003,48, 0.069,261.50, 42.58, 50.49, 46.53,
2003,49, 0.062,259.22, 43.63, 49.32, 46.47,
2003,50, 0.057,257.41, 47.03, 47.98, 47.50,
2003,51, 0.049,254.98, 45.28, 53.65, 49.46,
2003,52, 0.042,251.49, 43.66, 67.17, 55.41,
2004, 1, 0.036,248.61, 39.63, 78.49, 59.06,
2004, 2,-1.000, -1.00, -1.00, -1.00, -1.00,
2004, 3,-1.000, -1.00, -1.00, -1.00, -1.00,
2004, 4,-1.000, -1.00, -1.00, -1.00, -1.00,
2004, 5, 0.036,249.19, 36.60, 79.64, 58.12,
2004, 6, 0.038,250.96, 33.78, 77.48, 55.63,
2004, 7, 0.042,252.81, 31.87, 74.96, 53.41,
2004, 8, 0.048,254.95, 33.12, 72.37, 52.74,
2004, 9, 0.056,256.44, 35.07, 71.56, 53.31,
2004,10, 0.067,260.38, 38.49, 68.25, 53.37,
2004,11,-1.000, -1.00, -1.00, -1.00, -1.00,
2004,12,-1.000, -1.00, -1.00, -1.00, -1.00,
2004,13,-1.000, -1.00, -1.00, -1.00, -1.00,
2004,14,-1.000, -1.00, -1.00, -1.00, -1.00,
2004,15,-1.000, -1.00, -1.00, -1.00, -1.00,
2004,16,-1.000, -1.00, -1.00, -1.00, -1.00,
2004,17,-1.000, -1.00, -1.00, -1.00, -1.00,
2004,18,-1.000, -1.00, -1.00, -1.00, -1.00,
2004,19,-1.000, -1.00, -1.00, -1.00, -1.00,
2004,20,-1.000, -1.00, -1.00, -1.00, -1.00,
2004,21,-1.000, -1.00, -1.00, -1.00, -1.00,
2004,22,-1.000, -1.00, -1.00, -1.00, -1.00,
2004,23,-1.000, -1.00, -1.00, -1.00, -1.00,
2004,24,-1.000, -1.00, -1.00, -1.00, -1.00,
2004,25, 0.395,296.85, 63.75, 79.43, 71.59,
2004,26, 0.394,296.48, 65.69, 85.39, 75.54,
2004,27, 0.397,296.58, 69.79, 85.52, 77.65,
2004,28, 0.397,296.73, 73.00, 85.67, 79.33,
2004,29,-1.000, -1.00, -1.00, -1.00, -1.00,
2004,30, 0.390,297.26, 78.08, 85.34, 81.71,
2004,31, 0.384,297.54, 81.34, 83.87, 82.61,
2004,32, 0.375,297.79, 83.17, 81.69, 82.43,
2004,33, 0.363,297.59, 82.46, 80.15, 81.31,
2004,34, 0.355,297.27, 83.95, 76.35, 80.15,
2004,35, 0.345,296.84, 86.80, 69.42, 78.11,
2004,36, 0.331,296.20, 87.62, 57.74, 72.68,
2004,37, 0.316,295.21, 88.51, 45.44, 66.97,
2004,38, 0.300,293.62, 87.65, 39.09, 63.37,
2004,39, 0.285,291.78, 84.90, 34.82, 59.86,
2004,40, 0.268,289.54, 81.21, 32.16, 56.69,
2004,41, 0.250,287.50, 78.97, 25.27, 52.12,
2004,42, 0.234,285.02, 80.41, 23.55, 51.98,
2004,43, 0.220,282.42, 82.93, 23.52, 53.22,
2004,44, 0.207,280.07, 86.09, 20.68, 53.38,
2004,45, 0.193,277.01, 88.49, 21.91, 55.20,
2004,46, 0.179,273.54, 90.97, 24.93, 57.95,
2004,47, 0.162,270.45, 92.62, 25.08, 58.85,
2004,48, 0.137,266.72, 92.15, 27.45, 59.80,
2004,49, 0.106,262.44, 84.36, 34.81, 59.58,
2004,50, 0.086,258.47, 80.31, 42.95, 61.63,
2004,51, 0.075,256.58, 79.63, 46.79, 63.21,
2004,52, 0.068,255.21, 82.13, 51.64, 66.88,
2005, 1, 0.062,252.88, 81.70, 62.95, 72.33,
2005, 2, 0.058,250.79, 76.92, 70.78, 73.85,
2005, 3, 0.052,247.82, 67.11, 79.88, 73.49,
2005, 4, 0.048,245.32, 56.52, 87.99, 72.25,
2005, 5, 0.045,243.68, 46.49, 93.23, 69.86,
2005, 6, 0.042,244.29, 36.95, 93.29, 65.12,
2005, 7, 0.042,247.56, 31.35, 89.87, 60.61,
2005, 8, 0.045,251.86, 30.67, 82.47, 56.57,
2005, 9, 0.053,255.53, 32.92, 76.14, 54.53,
2005,10, 0.065,259.96, 37.46, 69.74, 53.60,
2005,11, 0.084,264.86, 44.20, 63.19, 53.70,
2005,12, 0.107,271.24, 51.46, 52.50, 51.98,
2005,13, 0.135,276.95, 59.78, 43.08, 51.43,
2005,14, 0.165,282.56, 66.08, 32.33, 49.20,
2005,15, 0.198,287.97, 71.35, 22.43, 46.89,
2005,16, 0.237,291.47, 75.52, 21.02, 48.27,
2005,17, 0.274,294.02, 77.77, 23.29, 50.53,
2005,18, 0.313,296.06, 80.29, 26.40, 53.35,
2005,19, 0.353,297.57, 83.64, 30.33, 56.98,
2005,20, 0.389,298.95, 85.07, 32.80, 58.93,
2005,21, 0.413,299.86, 85.13, 35.92, 60.53,
2005,22, 0.424,300.05, 82.47, 38.85, 60.66,
2005,23, 0.429,299.96, 80.24, 44.00, 62.12,
2005,24, 0.429,299.93, 79.50, 50.81, 65.16,
2005,25, 0.423,299.60, 77.88, 58.42, 68.15,
2005,26, 0.418,299.35, 77.54, 64.82, 71.18,
2005,27, 0.413,299.44, 77.59, 64.76, 71.18,
2005,28, 0.409,299.70, 78.77, 63.88, 71.33,
2005,29, 0.404,299.53, 80.33, 66.76, 73.54,
2005,30, 0.396,299.73, 81.47, 67.00, 74.24,
2005,31, 0.392,299.81, 85.40, 66.07, 75.73,
2005,32, 0.388,299.95, 88.68, 63.81, 76.25,
2005,33, 0.379,300.09, 89.42, 57.77, 73.60,
2005,34, 0.364,299.87, 87.97, 51.40, 69.69,
2005,35, 0.344,299.24, 86.08, 45.32, 65.70,
2005,36, 0.325,298.59, 84.51, 33.72, 59.11,
2005,37, 0.306,297.66, 83.76, 21.58, 52.67,
2005,38, 0.287,296.30, 81.46, 12.32, 46.89,
2005,39, 0.267,294.47, 76.36,  8.04, 42.20,
2005,40, 0.247,291.69, 70.93, 10.91, 40.92,
2005,41, 0.228,288.87, 68.46, 11.94, 40.20,
2005,42, 0.208,286.22, 67.83, 11.83, 39.83,
2005,43, 0.187,283.58, 67.70, 14.04, 40.87,
2005,44, 0.166,280.69, 67.27, 16.54, 41.90,
2005,45, 0.141,277.72, 63.54, 18.09, 40.81,
2005,46, 0.118,275.41, 60.21, 16.38, 38.30,
2005,47, 0.096,272.27, 55.04, 17.90, 36.47,
2005,48, 0.082,268.99, 54.88, 18.79, 36.83,
2005,49, 0.075,265.88, 56.93, 21.03, 38.98,
2005,50, 0.068,264.10, 60.29, 19.24, 39.76,
2005,51, 0.061,262.34, 61.34, 21.43, 41.39,
2005,52, 0.055,260.58, 61.80, 26.01, 43.90,
2006, 1, 0.050,258.61, 61.74, 34.46, 48.10,
2006, 2, 0.050,257.30, 62.15, 41.23, 51.69,
2006, 3, 0.047,256.20, 56.67, 47.17, 51.92,
2006, 4, 0.043,255.13, 47.48, 54.06, 50.77,
2006, 5, 0.039,254.10, 38.72, 63.43, 51.07,
2006, 6, 0.035,253.32, 29.77, 71.17, 50.47,
2006, 7, 0.033,253.07, 23.15, 76.20, 49.68,
2006, 8, 0.031,252.51, 19.40, 81.75, 50.58,
2006, 9, 0.032,253.26, 17.91, 83.34, 50.63,
2006,10, 0.037,255.42, 18.80, 83.58, 51.19,
2006,11, 0.046,259.75, 21.02, 79.12, 50.07,
2006,12, 0.058,265.33, 25.02, 71.42, 48.22,
2006,13, 0.077,271.39, 30.96, 62.16, 46.56,
2006,14, 0.103,278.01, 37.17, 48.57, 42.87,
2006,15, 0.136,282.82, 43.80, 41.84, 42.82,
2006,16, 0.174,286.90, 50.18, 39.51, 44.84,
2006,17, 0.211,290.37, 53.20, 41.21, 47.20,
2006,18, 0.249,293.06, 56.09, 45.37, 50.73,
2006,19, 0.291,295.35, 59.83, 47.15, 53.49,
2006,20, 0.332,297.30, 62.40, 46.44, 54.42,
2006,21, 0.365,298.67, 64.40, 46.00, 55.20,
2006,22, 0.391,299.43, 66.50, 43.99, 55.24,
2006,23, 0.415,299.90, 73.47, 44.27, 58.87,
2006,24, 0.430,300.34, 80.56, 46.42, 63.49,
2006,25, 0.436,300.75, 85.40, 47.10, 66.25,
2006,26, 0.439,301.16, 88.80, 47.38, 68.09,
2006,27, 0.436,301.60, 89.77, 45.24, 67.50,
2006,28, 0.429,302.07, 88.64, 43.13, 65.89,
2006,29, 0.414,302.59, 85.31, 41.13, 63.22,
2006,30, 0.395,302.75, 81.24, 41.68, 61.46,
2006,31, 0.379,303.05, 79.70, 39.31, 59.51,
2006,32, 0.362,303.36, 77.06, 35.06, 56.06,
2006,33, 0.343,302.92, 72.48, 32.29, 52.39,
2006,34, 0.325,301.76, 68.90, 33.58, 51.24,
2006,35, 0.312,300.20, 70.56, 36.06, 53.31,
2006,36, 0.299,298.43, 72.54, 35.41, 53.98,
2006,37, 0.284,296.91, 73.09, 28.47, 50.78,
2006,38, 0.267,295.04, 70.62, 24.20, 47.41,
2006,39, 0.247,292.71, 65.66, 24.61, 45.14,
2006,40, 0.225,290.15, 59.68, 25.64, 42.66,
2006,41, 0.204,287.76, 55.91, 22.38, 39.14,
2006,42, 0.181,284.90, 54.27, 24.25, 39.26,
2006,43, 0.159,281.45, 53.61, 31.11, 42.36,
2006,44, 0.135,277.72, 50.83, 36.40, 43.62,
2006,45, 0.107,273.16, 43.39, 43.87, 43.63,
2006,46, 0.081,268.62, 35.43, 48.98, 42.20,
2006,47, 0.063,265.44, 29.96, 47.39, 38.68,
2006,48, 0.053,263.70, 28.65, 40.81, 34.73,
2006,49, 0.047,262.57, 28.81, 34.18, 31.49,
2006,50, 0.046,261.78, 34.00, 27.66, 30.83,
2006,51, 0.047,261.36, 42.83, 24.89, 33.86,
2006,52, 0.051,261.08, 57.59, 23.67, 40.63,
2007, 1, 0.055,261.13, 71.17, 22.71, 46.94,
2007, 2, 0.056,260.68, 75.07, 25.25, 50.16,
2007, 3, 0.059,260.49, 76.37, 26.84, 51.61,
2007, 4, 0.062,260.80, 75.94, 27.22, 51.58,
2007, 5, 0.075,262.60, 80.81, 24.35, 52.58,
2007, 6, 0.091,265.22, 84.80, 21.58, 53.19,
2007, 7, 0.109,268.78, 87.77, 17.44, 52.61,
2007, 8, 0.123,272.10, 88.83, 14.42, 51.62,
2007, 9, 0.133,275.41, 88.01, 11.03, 49.52,
2007,10, 0.138,278.21, 84.41, 10.27, 47.34,
2007,11, 0.143,281.20, 79.37,  9.56, 44.47,
2007,12, 0.149,284.06, 74.42,  9.12, 41.77,
2007,13, 0.163,286.75, 73.72,  8.48, 41.10,
2007,14, 0.177,289.20, 71.44,  8.82, 40.13,
2007,15, 0.187,291.01, 66.49, 11.23, 38.86,
2007,16, 0.208,292.93, 64.20, 15.01, 39.60,
2007,17, 0.241,295.50, 65.11, 15.49, 40.30,
2007,18, 0.280,298.32, 68.20, 11.87, 40.03,
2007,19, 0.316,300.59, 69.95,  7.61, 38.78,
2007,20, 0.345,302.29, 67.57,  5.80, 36.69,
2007,21, 0.370,303.59, 66.51,  4.54, 35.52,
2007,22, 0.384,304.30, 62.06,  3.16, 32.61,
2007,23, 0.385,304.29, 56.96,  5.54, 31.25,
2007,24, 0.388,304.12, 57.62, 11.03, 34.32,
2007,25, 0.393,303.98, 61.84, 16.88, 39.36,
2007,26, 0.396,303.94, 66.47, 21.57, 44.02,
2007,27, 0.396,304.01, 69.27, 23.99, 46.63,
2007,28, 0.390,304.05, 69.60, 26.28, 47.94,
2007,29, 0.385,304.13, 71.13, 28.27, 49.70,
2007,30, 0.375,304.42, 71.47, 27.97, 49.72,
2007,31, 0.360,304.63, 70.33, 26.48, 48.41,
2007,32, 0.345,304.74, 68.68, 23.73, 46.21,
2007,33, 0.331,304.56, 66.31, 17.77, 42.04,
2007,34, 0.317,303.76, 64.86, 14.73, 39.80,
2007,35, 0.305,302.14, 66.56, 17.15, 41.85,
2007,36, 0.298,299.98, 71.64, 20.25, 45.95,
2007,37, 0.295,297.92, 79.26, 18.83, 49.04,
2007,38, 0.296,295.96, 87.19, 14.66, 50.93,
2007,39, 0.297,294.04, 92.46, 10.54, 51.50,
2007,40, 0.293,292.03, 94.51,  6.45, 50.48,
2007,41, 0.282,289.35, 95.43,  6.58, 51.00,
2007,42, 0.263,286.50, 95.67,  9.00, 52.34,
2007,43, 0.241,283.41, 95.80, 15.19, 55.50,
2007,44, 0.217,279.86, 94.81, 21.76, 58.28,
2007,45, 0.194,276.63, 94.15, 23.90, 59.03,
2007,46, 0.167,273.97, 91.81, 22.69, 57.25,
2007,47, 0.138,271.09, 86.49, 22.03, 54.26,
2007,48, 0.108,268.40, 78.07, 19.79, 48.93,
2007,49, 0.087,266.06, 69.80, 18.32, 44.06,
2007,50, 0.074,264.52, 68.32, 14.94, 41.63,
2007,51, 0.068,263.61, 70.76, 14.30, 42.53,
2007,52, 0.067,263.10, 80.75, 13.54, 47.15,
2008, 1, 0.067,263.26, 87.51, 11.72, 49.62,
2008, 2, 0.068,263.84, 88.32,  9.36, 48.84,
2008, 3, 0.067,264.99, 85.20,  5.06, 45.13,
2008, 4, 0.066,265.95, 77.51,  3.17, 40.34,
2008, 5, 0.069,266.96, 71.56,  4.74, 38.15,
2008, 6, 0.075,268.99, 68.14,  6.01, 37.07,
2008, 7, 0.082,271.01, 64.39,  8.97, 36.68,
2008, 8, 0.092,273.01, 65.81, 11.00, 38.41,
2008, 9, 0.104,275.54, 68.35, 10.14, 39.25,
2008,10, 0.120,278.36, 73.40,  9.03, 41.21,
2008,11, 0.142,281.33, 78.94,  8.19, 43.57,
2008,12, 0.158,283.63, 79.55,  9.95, 44.75,
2008,13, 0.182,285.75, 83.33, 11.68, 47.50,
2008,14, 0.213,287.95, 87.95, 13.00, 50.47,
2008,15, 0.247,289.91, 92.13, 15.07, 53.60,
2008,16, 0.287,291.69, 95.00, 19.85, 57.42,
2008,17, 0.322,292.89, 95.34, 28.56, 61.95,
2008,18, 0.353,293.92, 95.16, 39.88, 67.52,
2008,19, 0.380,295.23, 94.10, 48.07, 71.09,
2008,20, 0.396,295.89, 88.42, 58.06, 73.24,
2008,21, 0.414,296.92, 86.85, 61.20, 74.02,
2008,22, 0.430,298.11, 86.38, 55.75, 71.07,
2008,23, 0.440,299.29, 87.14, 50.31, 68.72,
2008,24, 0.445,300.32, 88.44, 47.24, 67.84,
2008,25, 0.438,300.83, 86.12, 46.81, 66.47,
2008,26, 0.427,301.64, 82.74, 43.23, 62.99,
2008,27, 0.414,302.55, 78.43, 36.97, 57.70,
2008,28, 0.397,302.88, 73.10, 36.36, 54.73,
2008,29, 0.388,303.40, 72.36, 34.43, 53.39,
2008,30, 0.378,304.38, 72.83, 28.31, 50.57,
2008,31, 0.362,304.59, 70.68, 26.84, 48.76,
2008,32, 0.343,304.38, 67.11, 26.66, 46.88,
2008,33, 0.322,304.13, 60.97, 21.20, 41.08,
2008,34, 0.300,303.43, 54.93, 17.19, 36.06,
2008,35, 0.275,302.35, 49.13, 14.52, 31.83,
2008,36, 0.250,300.39, 43.54, 15.92, 29.73,
2008,37, 0.228,297.78, 40.25, 20.25, 30.25,
2008,38, 0.208,294.80, 37.24, 26.95, 32.09,
2008,39, 0.194,292.35, 36.89, 28.73, 32.81,
2008,40, 0.183,290.28, 37.75, 24.63, 31.19,
2008,41, 0.178,288.19, 42.81, 18.30, 30.55,
2008,42, 0.178,286.66, 52.17,  7.38, 29.78,
2008,43, 0.174,285.22, 61.27,  0.77, 31.02,
2008,44, 0.166,283.09, 67.62,  0.28, 33.95,
2008,45, 0.157,280.70, 73.20,  0.88, 37.04,
2008,46, 0.145,278.45, 78.23,  1.04, 39.64,
2008,47, 0.131,275.86, 81.19,  1.23, 41.21,
2008,48, 0.112,272.45, 81.30,  2.73, 42.01,
2008,49, 0.095,268.72, 76.97,  7.11, 42.04,
2008,50, 0.080,265.14, 75.22, 12.74, 43.98,
2008,51, 0.067,261.18, 70.68, 25.97, 48.32,
2008,52, 0.059,258.40, 70.80, 36.52, 53.66,
2009, 1, 0.054,256.87, 69.50, 43.45, 56.47,
2009, 2, 0.047,255.23, 60.12, 51.54, 55.83,
2009, 3, 0.043,254.68, 52.76, 54.44, 53.60,
2009, 4, 0.044,255.29, 50.11, 53.13, 51.62,
2009, 5, 0.046,257.25, 47.51, 49.04, 48.27,
2009, 6, 0.049,260.64, 44.13, 40.97, 42.55,
2009, 7, 0.056,264.70, 43.58, 32.87, 38.23,
2009, 8, 0.067,268.31, 47.12, 27.48, 37.30,
2009, 9, 0.081,271.45, 52.82, 24.14, 38.48,
2009,10, 0.093,274.39, 55.35, 23.08, 39.22,
2009,11, 0.108,278.36, 58.47, 19.52, 39.00,
2009,12, 0.131,281.92, 64.49, 16.90, 40.69,
2009,13, 0.159,286.11, 71.62, 11.06, 41.34,
2009,14, 0.185,289.91, 75.26,  6.52, 40.89,
2009,15, 0.205,292.12, 74.32,  7.20, 40.76,
2009,16, 0.226,293.91, 71.33, 11.09, 41.21,
2009,17, 0.247,295.49, 67.50, 15.90, 41.70,
2009,18, 0.268,296.68, 63.55, 22.73, 43.14,
2009,19, 0.295,298.03, 61.73, 27.42, 44.57,
2009,20, 0.328,299.42, 60.61, 29.69, 45.15,
2009,21, 0.357,300.38, 60.40, 32.09, 46.24,
2009,22, 0.379,301.45, 59.87, 27.36, 43.62,
2009,23, 0.394,302.66, 61.76, 20.27, 41.01,
2009,24, 0.400,303.57, 64.60, 16.51, 40.56,
2009,25, 0.398,303.87, 65.27, 17.95, 41.61,
2009,26, 0.391,304.20, 64.07, 19.15, 41.61,
2009,27, 0.379,304.51, 61.27, 19.63, 40.45,
2009,28, 0.362,304.43, 56.38, 23.08, 39.73,
2009,29, 0.348,304.19, 53.19, 27.79, 40.49,
2009,30, 0.332,303.67, 49.80, 34.22, 42.01,
2009,31, 0.320,303.18, 49.92, 38.39, 44.15,
2009,32, 0.311,302.68, 50.55, 40.89, 45.72,
2009,33, 0.300,302.10, 49.13, 39.67, 44.40,
2009,34, 0.289,301.49, 48.80, 35.88, 42.34,
2009,35, 0.276,300.77, 49.75, 30.29, 40.02,
2009,36, 0.267,299.56, 53.28, 24.18, 38.73,
2009,37, 0.259,298.26, 58.43, 15.55, 36.99,
2009,38, 0.244,295.96, 57.53, 14.95, 36.24,
2009,39, 0.228,293.18, 55.40, 19.85, 37.63,
2009,40, 0.215,290.75, 54.27, 19.60, 36.94,
2009,41, 0.198,288.17, 53.12, 18.59, 35.86,
2009,42, 0.179,284.79, 52.82, 25.45, 39.14,
2009,43, 0.152,280.47, 48.99, 38.16, 43.58,
2009,44, 0.123,275.68, 43.03, 48.68, 45.85,
2009,45, 0.104,272.39, 40.10, 46.35, 43.23,
2009,46, 0.089,269.61, 39.77, 42.28, 41.02,
2009,47, 0.079,266.70, 41.24, 40.21, 40.73,
2009,48, 0.068,264.09, 41.65, 38.07, 39.86,
2009,49, 0.065,262.20, 45.94, 35.63, 40.78,
2009,50, 0.061,259.79, 52.06, 36.87, 44.47,
2009,51, 0.054,257.44, 51.15, 42.70, 46.92,
2009,52, 0.047,255.63, 51.00, 49.56, 50.28,
2010, 1, 0.038,254.23, 42.62, 56.41, 49.52,
2010, 2, 0.038,255.27, 43.90, 51.34, 47.62,
2010, 3, 0.038,255.27, 44.02, 51.59, 47.81,
2010, 4, 0.036,255.00, 39.04, 54.24, 46.64,
2010, 5, 0.035,255.54, 34.72, 56.42, 45.57,
2010, 6, 0.039,258.14, 33.69, 51.20, 42.45,
2010, 7, 0.044,261.34, 32.69, 45.73, 39.21,
2010, 8, 0.051,264.62, 35.04, 40.65, 37.85,
2010, 9, 0.063,268.69, 39.39, 33.41, 36.40,
2010,10, 0.077,272.77, 44.81, 27.99, 36.40,
2010,11, 0.093,276.11, 49.58, 26.11, 37.84,
2010,12, 0.110,279.82, 53.20, 23.36, 38.28,
2010,13, 0.129,283.03, 56.87, 21.55, 39.21,
2010,14, 0.155,286.59, 61.28, 17.99, 39.64,
2010,15, 0.187,290.29, 66.30, 13.74, 40.02,
2010,16, 0.222,292.90, 69.38, 14.81, 42.10,
2010,17, 0.256,294.92, 70.28, 18.08, 44.18,
2010,18, 0.290,296.52, 71.39, 22.87, 47.13,
2010,19, 0.325,297.83, 72.90, 28.04, 50.47,
2010,20, 0.357,298.69, 72.32, 34.88, 53.60,
2010,21, 0.390,299.58, 75.27, 38.16, 56.72,
2010,22, 0.415,300.95, 78.31, 31.11, 54.71,
2010,23, 0.427,302.22, 79.72, 23.71, 51.71,
2010,24, 0.430,303.34, 79.83, 18.57, 49.20,
2010,25, 0.423,304.21, 78.02, 15.30, 46.66,
2010,26, 0.410,304.72, 74.31, 15.05, 44.68,
2010,27, 0.401,305.34, 72.13, 13.42, 42.78,
2010,28, 0.388,306.10, 69.20, 10.45, 39.83,
2010,29, 0.372,306.89, 64.88,  7.45, 36.17,
2010,30, 0.352,307.54, 60.17,  5.54, 32.85,
2010,31, 0.330,307.65, 54.79,  5.38, 30.08,
2010,32, 0.306,307.34, 47.93,  5.72, 26.82,
2010,33, 0.287,305.93, 41.86,  8.54, 25.20,
2010,34, 0.272,304.07, 39.55, 13.40, 26.48,
2010,35, 0.264,302.56, 42.86, 14.33, 28.59,
2010,36, 0.252,300.93, 44.99, 12.23, 28.61,
2010,37, 0.237,299.03, 45.74,  9.61, 27.67,
2010,38, 0.219,296.75, 43.64,  8.51, 26.08,
2010,39, 0.199,294.16, 40.02, 10.43, 25.23,
2010,40, 0.185,290.14, 38.81, 25.94, 32.38,
2010,41, 0.172,287.05, 39.86, 29.72, 34.79,
2010,42, 0.158,285.46, 41.98, 19.04, 30.51,
2010,43, 0.142,282.96, 44.00, 19.20, 31.60,
2010,44, 0.124,280.22, 43.72, 20.06, 31.89,
2010,45, 0.108,277.34, 42.80, 20.93, 31.87,
2010,46, 0.093,273.32, 42.62, 27.19, 34.91,
2010,47, 0.078,268.03, 40.08, 36.67, 38.38,
2010,48, 0.067,263.00, 40.12, 44.45, 42.28,
2010,49, 0.058,258.15, 39.09, 54.22, 46.65,
2010,50, 0.052,255.62, 39.89, 56.09, 47.99,
2010,51, 0.046,254.23, 39.41, 57.28, 48.34,
2010,52, 0.042,253.53, 42.15, 59.20, 50.67,
2011, 1, 0.038,252.89, 42.05, 62.09, 52.07,
2011, 2, 0.035,253.38, 40.49, 59.91, 50.20,
2011, 3, 0.033,255.02, 37.01, 52.63, 44.82,
2011, 4, 0.030,255.45, 30.44, 52.27, 41.35,
2011, 5, 0.029,256.27, 26.66, 53.46, 40.06,
2011, 6, 0.030,258.08, 24.11, 51.67, 37.89,
2011, 7, 0.031,260.07, 21.77, 50.72, 36.25,
2011, 8, 0.032,261.59, 20.11, 51.49, 35.80,
2011, 9, 0.036,263.95, 20.89, 49.62, 35.26,
2011,10, 0.046,267.12, 24.50, 46.91, 35.71,
2011,11, 0.058,270.89, 28.20, 43.69, 35.95,
2011,12, 0.075,275.10, 34.02, 39.56, 36.79,
2011,13, 0.094,278.84, 39.45, 36.50, 37.98,
2011,14, 0.118,283.06, 43.94, 30.66, 37.30,
2011,15, 0.145,287.30, 48.22, 24.90, 36.56,
2011,16, 0.176,291.62, 51.20, 19.90, 35.55,
2011,17, 0.208,294.46, 52.62, 20.13, 36.38,
2011,18, 0.248,296.67, 55.73, 21.79, 38.76,
2011,19, 0.294,298.50, 61.30, 23.15, 42.23,
2011,20, 0.339,299.46, 65.33, 28.77, 47.05,
2011,21, 0.380,299.98, 71.18, 34.90, 53.04,
2011,22, 0.406,300.69, 73.91, 33.44, 53.68,
2011,23, 0.419,301.40, 75.46, 30.98, 53.22,
2011,24, 0.420,301.24, 75.31, 37.89, 56.60,
2011,25, 0.420,300.83, 76.69, 46.49, 61.59,
2011,26, 0.419,300.82, 78.92, 50.95, 64.93,
2011,27, 0.417,301.06, 80.20, 50.37, 65.28,
2011,28, 0.415,301.50, 82.11, 48.33, 65.22,
2011,29, 0.407,301.84, 82.33, 47.86, 65.10,
2011,30, 0.394,301.96, 81.01, 48.57, 64.79,
2011,31, 0.382,302.38, 81.54, 45.09, 63.31,
2011,32, 0.367,302.38, 79.97, 43.40, 61.69,
2011,33, 0.346,301.79, 74.53, 42.40, 58.47,
2011,34, 0.328,301.16, 70.79, 38.95, 54.87,
2011,35, 0.304,299.81, 65.74, 39.67, 52.71,
2011,36, 0.276,298.03, 58.75, 39.30, 49.03,
2011,37, 0.248,296.44, 51.91, 33.32, 42.62,
2011,38, 0.224,294.70, 46.54, 27.84, 37.19,
2011,39, 0.199,292.58, 39.47, 25.91, 32.69,
2011,40, 0.176,290.24, 33.89, 24.67, 29.28,
2011,41, 0.159,287.39, 32.67, 26.20, 29.44,
2011,42, 0.139,283.39, 31.83, 38.97, 35.40,
2011,43, 0.125,280.02, 34.66, 42.81, 38.74,
2011,44, 0.115,277.15, 38.52, 40.26, 39.39,
2011,45, 0.106,274.30, 42.07, 37.12, 39.59,
2011,46, 0.092,271.35, 42.69, 35.50, 39.09,
2011,47, 0.077,267.54, 39.78, 37.95, 38.87,
2011,48, 0.065,264.38, 38.70, 37.72, 38.21,
2011,49, 0.057,261.55, 38.20, 38.78, 38.49,
2011,50, 0.053,259.51, 42.68, 38.20, 40.44,
2011,51, 0.053,257.81, 50.02, 41.23, 45.62,
2011,52, 0.049,256.31, 54.83, 46.38, 50.60,
2012, 1, 0.047,254.87, 57.88, 53.27, 55.58,
2012, 2, 0.045,253.45, 57.22, 59.72, 58.47,
2012, 3, 0.043,252.32, 52.50, 64.84, 58.67,
2012, 4, 0.042,252.66, 47.98, 64.75, 56.36,
2012, 5, 0.041,253.42, 42.17, 65.92, 54.04,
2012, 6, 0.041,254.24, 36.42, 67.34, 51.88,
2012, 7, 0.039,255.61, 29.48, 67.40, 48.44,
2012, 8, 0.037,257.15, 24.86, 67.04, 45.95,
2012, 9, 0.039,260.08, 23.12, 62.67, 42.90,
2012,10, 0.048,263.86, 25.78, 58.13, 41.95,
2012,11, 0.064,268.23, 32.15, 53.23, 42.69,
2012,12, 0.087,273.60, 40.86, 45.03, 42.94,
2012,13, 0.113,278.86, 48.92, 36.39, 42.65,
2012,14, 0.143,283.85, 55.72, 27.53, 41.63,
2012,15, 0.177,288.40, 61.87, 20.43, 41.15,
2012,16, 0.219,292.79, 68.42, 15.22, 41.82,
2012,17, 0.271,296.23, 76.26, 12.16, 44.21,
2012,18, 0.314,298.61, 80.30, 11.06, 45.68,
2012,19, 0.346,300.03, 80.60, 12.78, 46.69,
2012,20, 0.367,300.57, 76.23, 20.00, 48.12,
2012,21, 0.380,300.42, 70.78, 31.17, 50.98,
2012,22, 0.411,302.40, 75.87, 19.22, 47.55,
2012,23, 0.421,302.48, 76.34, 21.77, 49.06,
2012,24, 0.426,302.36, 77.88, 27.82, 52.85,
2012,25, 0.427,302.47, 79.95, 31.27, 55.61,
2012,26, 0.426,302.75, 81.12, 32.91, 57.01,
2012,27, 0.415,303.23, 77.84, 31.20, 54.52,
2012,28, 0.403,303.44, 75.51, 31.76, 53.63,
2012,29, 0.391,303.83, 73.73, 31.01, 52.37,
2012,30, 0.377,304.32, 72.13, 28.93, 50.53,
2012,31, 0.359,304.36, 69.34, 28.87, 49.10,
2012,32, 0.333,303.86, 62.17, 31.32, 46.75,
2012,33, 0.312,303.05, 56.07, 31.62, 43.85,
2012,34, 0.297,302.19, 53.98, 29.99, 41.99,
2012,35, 0.283,301.29, 54.32, 26.15, 40.24,
2012,36, 0.269,300.47, 54.94, 16.76, 35.85,
2012,37, 0.252,299.43, 54.73,  7.99, 31.36,
2012,38, 0.232,297.97, 51.07,  3.42, 27.24,
2012,39, 0.215,296.49, 48.36,  1.20, 24.78,
2012,40, 0.202,294.83, 47.76,  0.29, 24.03,
2012,41, 0.186,292.20, 47.20,  0.33, 23.77,
2012,42, 0.170,288.97, 48.53,  1.33, 24.93,
2012,43, 0.157,286.34, 52.55,  2.41, 27.48,
2012,44, 0.143,283.13, 54.74,  4.21, 29.47,
2012,45, 0.126,279.16, 54.40, 10.41, 32.41,
2012,46, 0.109,275.38, 54.29, 16.21, 35.25,
2012,47, 0.090,270.83, 50.46, 23.47, 36.97,
2012,48, 0.075,266.36, 48.18, 29.06, 38.62,
2012,49, 0.061,261.95, 42.21, 37.04, 39.62,
2012,50, 0.049,258.13, 36.33, 44.48, 40.41,
2012,51, 0.039,255.15, 28.49, 53.31, 40.90,
2012,52, 0.034,252.78, 28.35, 62.80, 45.57,
2013, 1, 0.040,251.37, 43.66, 68.11, 55.89,
2013, 2, 0.038,250.30, 43.86, 71.77, 57.82,
2013, 3, 0.037,250.24, 43.72, 71.73, 57.73,
2013, 4, 0.040,251.30, 44.92, 69.73, 57.33,
2013, 5, 0.043,254.07, 43.16, 63.22, 53.19,
2013, 6, 0.048,258.53, 42.55, 50.49, 46.52,
2013, 7, 0.057,263.35, 43.64, 38.72, 41.18,
2013, 8, 0.070,267.85, 48.40, 29.87, 39.13,
2013, 9, 0.085,271.79, 53.15, 23.80, 38.47,
2013,10, 0.099,275.58, 55.63, 20.02, 37.82,
2013,11, 0.113,278.67, 57.18, 20.05, 38.62,
2013,12, 0.128,282.30, 59.24, 18.18, 38.71,
2013,13, 0.145,285.49, 61.93, 16.33, 39.13,
2013,14, 0.167,288.81, 64.49, 12.88, 38.69,
2013,15, 0.194,292.35, 67.53,  8.51, 38.02,
2013,16, 0.227,295.56, 69.91,  6.52, 38.22,
2013,17, 0.262,297.79, 71.20,  6.93, 39.06,
2013,18, 0.299,299.42, 72.79,  8.71, 40.75,
2013,19, 0.331,300.84, 72.65, 10.06, 41.36,
2013,20, 0.355,301.50, 69.35, 14.27, 41.81,
2013,21, 0.372,301.45, 65.02, 23.13, 44.08,
2013,22, 0.383,301.56, 59.87, 26.79, 43.33,
2013,23, 0.389,301.54, 57.35, 30.28, 43.82,
2013,24, 0.391,301.81, 57.60, 33.06, 45.34,
2013,25, 0.391,302.36, 58.61, 32.28, 45.46,
2013,26, 0.386,302.65, 57.98, 33.90, 45.95,
2013,27, 0.376,302.75, 56.07, 35.50, 45.79,
2013,28, 0.364,302.70, 54.00, 38.26, 46.14,
2013,29, 0.347,302.16, 50.10, 45.38, 47.74,
2013,30, 0.334,301.89, 48.74, 49.33, 49.03,
2013,31, 0.323,301.79, 49.60, 50.07, 49.83,
2013,32, 0.307,301.01, 46.85, 55.26, 51.05,
2013,33, 0.289,299.57, 42.05, 62.96, 52.50,
2013,34, 0.271,297.91, 38.15, 70.49, 54.32,
2013,35, 0.253,295.59, 36.23, 80.47, 58.35,
2013,36, 0.231,292.70, 33.12, 88.32, 60.72,
2013,37, 0.210,289.99, 30.59, 90.91, 60.75,
2013,38, 0.196,287.88, 31.01, 92.15, 61.58,
2013,39, 0.193,286.72, 36.62, 87.20, 61.91,
2013,40, 0.192,285.41, 42.34, 78.53, 60.44,
2013,41, 0.189,283.74, 48.32, 69.40, 58.86,
2013,42, 0.179,281.92, 52.67, 58.70, 55.68,
2013,43, 0.172,280.90, 59.26, 41.00, 50.13,
2013,44, 0.161,280.34, 63.32, 21.68, 42.50,
2013,45, 0.150,278.44, 67.11, 14.55, 40.83,
2013,46, 0.132,275.55, 67.85, 15.45, 41.65,
2013,47, 0.117,273.02, 68.61, 14.38, 41.50,
2013,48, 0.103,270.31, 70.17, 13.24, 41.70,
2013,49, 0.087,267.47, 66.53, 14.78, 40.65,
2013,50, 0.072,264.34, 63.68, 19.01, 41.35,
2013,51, 0.060,261.12, 59.41, 27.85, 43.63,
2013,52, 0.054,258.62, 60.72, 36.10, 48.41,
2014, 1, 0.053,256.81, 66.89, 42.45, 54.67,
2014, 2, 0.051,254.80, 65.71, 51.07, 58.39,
2014, 3, 0.051,253.57, 63.57, 56.83, 60.20,
2014, 4, 0.054,253.73, 62.17, 59.05, 60.61,
2014, 5, 0.058,256.43, 59.78, 52.99, 56.39,
2014, 6, 0.066,260.90, 59.52, 40.82, 50.17,
2014, 7, 0.081,266.15, 63.35, 28.32, 45.83,
2014, 8, 0.103,271.31, 73.38, 17.88, 45.63,
2014, 9, 0.127,275.90, 81.41, 10.30, 45.86,
2014,10, 0.150,280.02, 87.16,  5.80, 46.48,
2014,11, 0.169,283.43, 88.46,  4.92, 46.69,
2014,12, 0.186,286.63, 88.45,  3.98, 46.21,
2014,13, 0.200,289.04, 87.58,  4.12, 45.85,
2014,14, 0.217,290.98, 86.29,  5.20, 45.75,
2014,15, 0.236,292.55, 84.97,  7.61, 46.29,
2014,16, 0.262,294.03, 83.52, 12.47, 48.00,
2014,17, 0.296,295.30, 83.66, 18.83, 51.24,
2014,18, 0.332,296.44, 84.35, 26.89, 55.62,
2014,19, 0.363,297.77, 84.39, 32.24, 58.31,
2014,20, 0.385,298.40, 81.49, 38.86, 60.18,
2014,21, 0.403,298.89, 79.04, 44.48, 61.76,
2014,22, 0.413,299.36, 75.41, 45.08, 60.25,
2014,23, 0.422,299.67, 74.86, 46.76, 60.81,
2014,24, 0.424,299.84, 75.03, 51.71, 63.38,
2014,25, 0.424,300.29, 75.71, 52.08, 63.91,
2014,26, 0.424,300.90, 76.64, 50.42, 63.55,
2014,27, 0.421,301.46, 76.94, 46.89, 61.93,
2014,28, 0.411,301.86, 75.84, 45.32, 60.59,
2014,29, 0.399,302.61, 74.54, 41.43, 57.99,
2014,30, 0.383,303.18, 72.43, 38.50, 55.46,
2014,31, 0.363,303.38, 69.47, 36.98, 53.23,
2014,32, 0.343,303.44, 65.54, 34.81, 50.17,
2014,33, 0.324,303.05, 60.86, 31.75, 46.31,
2014,34, 0.306,302.20, 57.43, 30.10, 43.76,
2014,35, 0.287,301.04, 55.20, 28.44, 41.82,
2014,36, 0.267,299.41, 53.65, 26.72, 40.18,
2014,37, 0.249,297.76, 52.47, 24.12, 38.30,
2014,38, 0.231,296.14, 50.85, 23.47, 37.16,
2014,39, 0.217,294.11, 49.15, 24.33, 36.74,
2014,40, 0.205,291.58, 48.87, 26.98, 37.93,
2014,41, 0.191,288.70, 49.03, 28.44, 38.73,
2014,42, 0.171,285.66, 48.48, 27.48, 37.98,
2014,43, 0.155,282.94, 50.19, 26.08, 38.13,
2014,44, 0.138,280.60, 50.87, 20.04, 35.46,
2014,45, 0.124,277.25, 51.91, 21.19, 36.55,
2014,46, 0.107,273.68, 51.33, 24.48, 37.90,
2014,47, 0.090,270.15, 48.91, 26.96, 37.94,
2014,48, 0.077,267.09, 47.34, 27.02, 37.18,
2014,49, 0.066,264.44, 45.50, 27.95, 36.73,
2014,50, 0.057,261.44, 46.12, 31.91, 39.01,
2014,51, 0.050,258.72, 45.05, 38.60, 41.83,
2014,52, 0.046,256.43, 47.70, 46.19, 46.94,
2015, 1, 0.045,254.96, 52.55, 51.10, 51.82,
2015, 2, 0.043,254.08, 52.43, 54.42, 53.42,
2015, 3, 0.042,254.19, 50.45, 54.05, 52.25,
2015, 4, 0.046,255.65, 51.35, 50.22, 50.79,
2015, 5, 0.049,258.96, 50.01, 41.58, 45.79,
2015, 6, 0.055,262.97, 48.42, 32.29, 40.35,
2015, 7, 0.065,267.20, 49.30, 24.19, 36.75,
2015, 8, 0.079,271.74, 54.90, 15.96, 35.43,
2015, 9, 0.093,275.71, 58.47, 10.32, 34.39,
2015,10, 0.106,279.43, 60.22,  7.09, 33.65,
2015,11, 0.118,282.17, 60.15,  8.58, 34.36,
2015,12, 0.129,284.27, 59.53, 11.73, 35.63,
2015,13, 0.141,286.04, 59.67, 14.42, 37.04,
2015,14, 0.153,287.45, 57.92, 17.54, 37.73,
2015,15, 0.169,289.17, 56.91, 20.01, 38.46,
2015,16, 0.196,291.57, 57.55, 22.15, 39.85,
2015,17, 0.231,294.19, 59.30, 24.04, 41.67,
2015,18, 0.270,296.18, 61.77, 28.27, 45.02,
2015,19, 0.310,297.49, 64.65, 34.28, 49.46,
2015,20, 0.348,298.54, 66.62, 37.91, 52.26,
2015,21, 0.379,300.06, 68.03, 34.67, 51.35,
2015,22, 0.394,300.55, 65.56, 35.11, 50.33,
2015,23, 0.404,301.05, 65.60, 34.37, 49.98,
2015,24, 0.409,301.54, 67.37, 35.30, 51.34,
2015,25, 0.412,301.76, 69.61, 37.88, 53.75,
2015,26, 0.414,302.00, 71.88, 39.91, 55.90,
2015,27, 0.413,302.25, 73.39, 39.83, 56.62,
2015,28, 0.406,302.89, 73.90, 36.40, 55.16,
2015,29, 0.397,303.69, 73.70, 32.12, 52.91,
2015,30, 0.384,304.23, 72.66, 29.75, 51.21,
2015,31, 0.366,304.11, 70.80, 30.91, 50.86,
2015,32, 0.346,303.87, 66.83, 31.13, 48.98,
2015,33, 0.327,303.76, 62.27, 25.32, 43.79,
2015,34, 0.308,303.22, 58.13, 20.52, 39.32,
2015,35, 0.287,302.19, 55.34, 17.46, 36.40,
2015,36, 0.267,300.99, 53.19, 12.19, 32.69,
2015,37, 0.250,299.74, 52.95,  7.19, 30.07,
2015,38, 0.237,298.42, 53.89,  4.69, 29.29,
2015,39, 0.223,295.98, 52.37,  8.51, 30.44,
2015,40, 0.209,292.32, 50.75, 20.85, 35.80,
2015,41, 0.194,288.62, 50.60, 29.15, 39.88,
2015,42, 0.174,285.47, 50.18, 29.11, 39.65,
2015,43, 0.154,281.82, 49.76, 34.48, 42.12,
2015,44, 0.132,278.73, 47.39, 32.52, 39.96,
2015,45, 0.112,275.05, 44.56, 34.30, 39.43,
2015,46, 0.095,271.98, 43.25, 33.44, 38.35,
2015,47, 0.083,269.39, 42.90, 30.91, 36.91,
2015,48, 0.074,267.28, 44.95, 26.72, 35.84,
2015,49, 0.067,265.45, 46.30, 24.00, 35.15,
2015,50, 0.062,263.70, 51.11, 22.44, 36.77,
2015,51, 0.059,261.90, 56.19, 24.67, 40.43,
2015,52, 0.055,260.00, 62.06, 29.79, 45.92,
2016, 1, 0.053,257.58, 67.09, 38.76, 52.92,
2016, 2, 0.053,257.05, 68.38, 40.70, 54.54,
2016, 3, 0.056,258.41, 69.73, 35.21, 52.47,
2016, 4, 0.059,260.14, 69.32, 30.66, 49.99,
2016, 5, 0.064,263.43, 66.40, 22.43, 44.42,
2016, 6, 0.071,267.17, 63.53, 15.30, 39.42,
2016, 7, 0.080,270.69, 62.24, 11.16, 36.70,
2016, 8, 0.091,273.65, 63.72,  9.36, 36.54,
2016, 9, 0.100,275.95, 63.16,  9.57, 36.37,
2016,10, 0.109,278.18, 61.58, 11.15, 36.37,
2016,11, 0.133,281.81, 68.42,  9.31, 38.87,
2016,12, 0.149,284.87, 69.78,  9.28, 39.53,
2016,13, 0.164,287.04, 70.66, 10.74, 40.70,
2016,14, 0.181,288.97, 70.55, 12.05, 41.30,
2016,15, 0.202,290.71, 70.52, 14.17, 42.34,
2016,16, 0.229,292.67, 70.44, 17.62, 44.03,
2016,17, 0.262,293.72, 70.77, 26.22, 48.50,
2016,18, 0.298,293.78, 71.99, 42.82, 57.40,
2016,19, 0.334,294.52, 73.41, 55.47, 64.44,
2016,20, 0.366,295.44, 73.79, 62.52, 68.16,
2016,21, 0.392,295.94, 73.98, 69.32, 71.65,
2016,22, 0.408,296.48, 72.75, 69.46, 71.11,
2016,23, 0.421,297.13, 74.32, 69.40, 71.86,
2016,24, 0.431,298.25, 78.91, 66.82, 72.88,
2016,25, 0.439,299.60, 83.58, 58.53, 71.07,
2016,26, 0.439,300.47, 83.87, 54.28, 69.09,
2016,27, 0.433,301.27, 82.85, 48.46, 65.66,
2016,28, 0.422,301.76, 80.70, 46.11, 63.42,
2016,29, 0.407,301.95, 77.98, 46.95, 62.47,
2016,30, 0.391,301.87, 75.90, 49.31, 62.60,
2016,31, 0.375,301.57, 74.97, 51.77, 63.37,
2016,32, 0.358,300.84, 72.82, 56.59, 64.70,
2016,33, 0.343,300.28, 71.10, 56.68, 63.89,
2016,34, 0.329,299.60, 70.10, 54.87, 62.48,
2016,35, 0.309,298.18, 67.83, 55.72, 61.77,
2016,36, 0.288,296.27, 65.28, 55.30, 60.29,
2016,37, 0.265,293.73, 61.79, 58.45, 60.12,
2016,38, 0.242,290.95, 56.85, 66.26, 61.56,
2016,39, 0.224,288.31, 53.02, 73.65, 63.33,
2016,40, 0.208,285.54, 50.66, 77.50, 64.08,
2016,41, 0.195,282.72, 51.08, 77.81, 64.44,
2016,42, 0.178,280.05, 51.78, 74.38, 63.08,
2016,43, 0.161,277.71, 53.66, 64.75, 59.20,
2016,44, 0.144,275.64, 53.93, 52.54, 53.24,
2016,45, 0.129,272.78, 54.49, 46.76, 50.63,
2016,46, 0.113,270.36, 55.06, 41.05, 48.06,
2016,47, 0.100,267.91, 55.49, 37.37, 46.43,
2016,48, 0.085,264.83, 54.72, 37.24, 45.98,
2016,49, 0.073,261.94, 53.28, 39.09, 46.19,
2016,50, 0.062,258.71, 51.96, 44.15, 48.05,
2016,51, 0.053,255.85, 49.43, 51.59, 50.51,
2016,52, 0.049,254.05, 52.20, 57.46, 54.83,
2017, 1, 0.046,252.31, 55.62, 63.86, 59.74,
2017, 2, 0.044,251.57, 54.22, 66.24, 60.23,
2017, 3, 0.043,251.57, 51.74, 66.01, 58.87,
2017, 4, 0.044,251.96, 49.70, 66.93, 58.32,
2017, 5, 0.046,253.86, 45.94, 64.17, 55.06,
2017, 6, 0.051,257.10, 44.21, 56.22, 50.21,
2017, 7, 0.059,261.41, 45.03, 45.79, 45.41,
2017, 8, 0.073,266.69, 50.63, 33.63, 42.13,
2017, 9, 0.093,272.59, 58.36, 20.89, 39.63,
2017,10, 0.112,277.28, 64.00, 14.21, 39.10,
2017,11, 0.132,280.91, 68.08, 12.49, 40.29,
2017,12, 0.151,284.17, 70.87, 11.64, 41.26,
2017,13, 0.170,286.93, 73.60, 11.04, 42.32,
2017,14, 0.190,288.73, 74.54, 12.75, 43.65,
2017,15, 0.214,291.19, 75.64, 12.35, 44.00,
2017,16, 0.244,293.72, 76.50, 13.48, 44.99,
2017,17, 0.278,295.04, 76.84, 19.83, 48.33,
2017,18, 0.312,295.95, 77.12, 29.51, 53.32,
2017,19, 0.345,296.81, 77.50, 38.76, 58.13,
2017,20, 0.372,297.26, 76.30, 47.75, 62.03,
2017,21, 0.395,297.42, 75.39, 56.65, 66.02,
2017,22, 0.410,297.54, 73.99, 60.24, 67.12,
2017,23, 0.422,298.27, 75.20, 58.91, 67.06,
2017,24, 0.430,299.40, 78.25, 55.55, 66.91,
2017,25, 0.432,299.95, 79.84, 55.05, 67.45,
2017,26, 0.427,300.44, 78.51, 54.55, 66.54,
2017,27, 0.418,301.19, 76.22, 49.27, 62.75,
2017,28, 0.406,302.00, 73.81, 44.03, 58.92,
2017,29, 0.391,302.70, 70.76, 40.55, 55.66,
2017,30, 0.374,303.43, 68.02, 36.38, 52.20,
2017,31, 0.357,304.24, 66.46, 29.81, 48.13,
2017,32, 0.338,304.41, 63.09, 26.53, 44.81,
2017,33, 0.318,303.88, 57.36, 24.12, 40.74,
2017,34, 0.295,303.01, 51.19, 22.37, 36.78,
2017,35, 0.272,301.82, 47.37, 20.91, 34.14,
2017,36, 0.253,300.28, 45.39, 18.52, 31.95,
2017,37, 0.234,298.11, 44.46, 20.81, 32.64,
2017,38, 0.218,295.63, 43.05, 27.34, 35.20,
2017,39, 0.205,293.43, 42.77, 30.05, 36.41,
2017,40, 0.189,290.44, 40.47, 36.80, 38.63,
2017,41, 0.166,286.72, 36.10, 44.98, 40.54,
2017,42, 0.140,282.68, 32.37, 52.55, 42.46,
2017,43, 0.118,278.73, 30.75, 57.03, 43.88,
2017,44, 0.099,276.05, 29.03, 49.49, 39.25,
2017,45, 0.079,271.90, 25.31, 51.63, 38.47,
2017,46, 0.066,268.34, 24.03, 50.76, 37.40,
2017,47, 0.059,265.64, 25.13, 47.13, 36.13,
2017,48, 0.053,263.28, 27.24, 43.64, 35.44,
2017,49, 0.051,261.79, 31.27, 39.59, 35.43,
2017,50, 0.048,259.96, 35.08, 38.66, 36.87,
2017,51, 0.046,258.55, 40.03, 39.50, 39.77,
2017,52, 0.047,258.35, 48.68, 41.37, 45.03,
2018, 1, 0.047,256.60, 56.44, 42.14, 49.29,
2018, 2, 0.044,254.97, 55.38, 49.03, 52.21,
2018, 3, 0.043,253.90, 51.41, 55.90, 53.65,
2018, 4, 0.044,253.80, 47.73, 61.01, 54.37,
2018, 5, 0.043,254.71, 42.68, 59.89, 51.29,
2018, 6, 0.044,256.66, 37.52, 57.14, 47.33,
2018, 7, 0.048,259.43, 33.83, 55.24, 44.53,
2018, 8, 0.054,261.81, 34.62, 52.17, 43.39,
2018, 9, 0.059,263.71, 35.74, 50.43, 43.09,
2018,10, 0.063,265.90, 34.76, 51.30, 43.03,
2018,11, 0.077,268.63, 35.44, 53.69, 44.57,
2018,12, 0.095,272.91, 41.06, 49.04, 45.05,
2018,13, 0.119,278.07, 48.99, 40.97, 44.98,
2018,14, 0.152,284.00, 56.84, 29.48, 43.16,
2018,15, 0.186,288.61, 62.82, 22.15, 42.49,
2018,16, 0.221,292.27, 67.27, 19.26, 43.27,
2018,17, 0.261,294.85, 70.62, 20.96, 45.79,
2018,18, 0.303,296.70, 73.88, 25.03, 49.46,
2018,19, 0.340,298.14, 76.04, 29.25, 52.64,
2018,20, 0.372,298.86, 76.27, 35.06, 55.67,
2018,21, 0.397,299.33, 76.53, 40.87, 58.70,
2018,22, 0.414,300.14, 75.68, 38.73, 57.21,
2018,23, 0.422,300.62, 75.13, 38.46, 56.79,
2018,24, 0.425,301.27, 75.72, 38.09, 56.91,
2018,25, 0.426,301.96, 76.48, 35.95, 56.22,
2018,26, 0.422,302.04, 75.53, 39.43, 57.48,
2018,27, 0.415,301.96, 74.28, 42.19, 58.24,
2018,28, 0.407,301.99, 73.90, 43.95, 58.93,
2018,29, 0.397,302.06, 73.45, 45.80, 59.62,
2018,30, 0.385,302.22, 72.97, 46.19, 59.58,
2018,31, 0.371,302.54, 72.95, 43.49, 58.22,
2018,32, 0.356,303.07, 72.03, 37.54, 54.79,
2018,33, 0.340,303.24, 69.27, 29.56, 49.42,
2018,34, 0.321,302.91, 65.33, 23.03, 44.18,
2018,35, 0.299,302.24, 62.17, 16.57, 39.37,
2018,36, 0.278,301.04, 59.61, 11.36, 35.49,
2018,37, 0.259,299.28, 58.11, 10.69, 34.40,
2018,38, 0.244,297.33, 57.99, 13.17, 35.58,
2018,39, 0.233,295.29, 58.19, 13.95, 36.07,
2018,40, 0.221,292.99, 57.45, 15.03, 36.24,
2018,41, 0.206,290.51, 57.05, 13.41, 35.23,
2018,42, 0.186,287.70, 56.52, 10.60, 33.56,
2018,43, 0.166,284.47, 56.22, 14.83, 35.53,
2018,44, 0.147,281.71, 55.77, 12.70, 34.23,
2018,45, 0.131,278.10, 56.34, 16.21, 36.27,
2018,46, 0.112,273.78, 55.01, 23.75, 39.38,
2018,47, 0.094,269.96, 52.24, 27.55, 39.89,
2018,48, 0.079,266.59, 49.51, 29.08, 39.30,
2018,49, 0.065,263.24, 45.20, 33.13, 39.17,
2018,50, 0.054,259.69, 42.96, 39.67, 41.32,
2018,51, 0.046,256.68, 39.92, 47.74, 43.83,
2018,52, 0.041,255.06, 40.99, 52.55, 46.77,
2019, 1, 0.039,253.72, 43.61, 57.02, 50.31,
2019, 2, 0.037,252.70, 43.38, 60.90, 52.14,
2019, 3, 0.036,252.25, 41.04, 62.94, 51.99,
2019, 4, 0.036,252.80, 38.82, 63.20, 51.01,
2019, 5, 0.037,254.96, 36.30, 59.38, 47.84,
2019, 6, 0.041,257.67, 34.86, 53.97, 44.42,
2019, 7, 0.048,261.08, 35.46, 47.20, 41.33,
2019, 8, 0.058,264.19, 39.19, 42.54, 40.86,
2019, 9, 0.072,268.00, 44.15, 36.25, 40.20,
2019,10, 0.091,273.05, 50.90, 28.00, 39.45,
2019,11, 0.113,278.09, 57.28, 21.38, 39.33,
2019,12, 0.136,283.48, 63.03, 13.53, 38.28,
2019,13, 0.157,287.24, 67.14,  9.78, 38.46,
2019,14, 0.180,290.15, 70.35,  7.78, 39.07,
2019,15, 0.208,292.58, 72.93,  7.25, 40.09,
2019,16, 0.240,294.64, 74.66,  9.80, 42.23,
2019,17, 0.276,296.37, 76.18, 13.38, 44.78,
2019,18, 0.315,297.56, 78.12, 19.54, 48.83,
2019,19, 0.351,298.65, 79.93, 25.32, 52.63,
2019,20, 0.385,299.35, 81.41, 30.94, 56.18,
2019,21, 0.410,299.66, 82.20, 37.76, 59.98,
2019,22, 0.424,300.23, 81.30, 37.53, 59.42,
2019,23, 0.433,300.90, 81.02, 35.52, 58.27,
2019,24, 0.434,301.56, 80.67, 35.04, 57.86,
2019,25, 0.429,301.78, 78.03, 37.63, 57.83,
2019,26, 0.421,301.77, 75.39, 42.07, 58.73,
2019,27, 0.412,301.76, 73.12, 44.06, 58.60,
2019,28, 0.399,301.51, 70.62, 48.18, 59.40,
2019,29, 0.388,301.08, 69.22, 54.28, 61.75,
2019,30, 0.378,300.70, 69.81, 58.98, 64.39,
2019,31, 0.367,300.70, 71.27, 58.77, 65.02,
2019,32, 0.354,300.15, 71.26, 62.09, 66.68,
2019,33, 0.344,299.59, 71.43, 62.25, 66.84,
2019,34, 0.333,299.61, 71.69, 53.75, 62.72,
2019,35, 0.314,299.05, 70.24, 46.61, 58.43,
2019,36, 0.294,298.10, 68.73, 38.12, 53.43,
2019,37, 0.274,296.67, 66.83, 33.15, 49.99,
2019,38, 0.254,294.69, 63.83, 35.36, 49.60,
2019,39, 0.238,293.04, 60.72, 33.07, 46.90,
2019,40, 0.224,291.61, 58.82, 26.17, 42.50,
2019,41, 0.210,289.64, 59.07, 20.37, 39.72,
2019,42, 0.191,287.22, 58.69, 14.66, 36.68,
2019,43, 0.171,284.83, 58.71, 12.48, 35.59,
2019,44, 0.153,282.41, 58.88,  8.47, 33.68,
2019,45, 0.139,279.31, 60.72,  9.77, 35.24,
2019,46, 0.123,276.31, 61.88, 11.86, 36.87,
2019,47, 0.107,273.25, 61.51, 13.50, 37.50,
2019,48, 0.093,270.47, 61.78, 12.67, 37.23,
2019,49, 0.080,268.02, 60.51, 12.47, 36.49,
2019,50, 0.070,265.56, 61.53, 13.87, 37.70,
2019,51, 0.063,263.32, 63.14, 18.22, 40.68,
2019,52, 0.057,261.20, 65.77, 24.11, 44.94,
2020, 1, 0.053,259.61, 68.60, 29.08, 48.84,
2020, 2, 0.054,259.48, 69.77, 29.38, 49.57,
2020, 3, 0.055,259.96, 69.76, 28.07, 48.91,
2020, 4, 0.057,260.30, 66.75, 29.47, 48.11,
2020, 5, 0.061,262.05, 63.32, 27.74, 45.53,
2020, 6, 0.069,265.20, 62.60, 22.75, 42.67,
2020, 7, 0.081,269.04, 63.92, 17.03, 40.47,
2020, 8, 0.098,273.23, 69.65, 10.89, 40.27,
2020, 9, 0.119,277.68, 76.32,  4.06, 40.19,
2020,10, 0.136,281.19, 78.94,  1.55, 40.25,
2020,11, 0.153,284.32, 79.57,  1.54, 40.56,
2020,12, 0.170,287.26, 80.32,  1.58, 40.95,
2020,13, 0.183,289.24, 79.52,  3.23, 41.37,
2020,14, 0.196,290.55, 77.58,  6.55, 42.06,
2020,15, 0.213,292.05, 75.24,  9.38, 42.31,
2020,16, 0.233,293.42, 72.35, 14.92, 43.63,
2020,17, 0.261,294.50, 70.60, 22.83, 46.72,
2020,18, 0.291,295.11, 69.56, 35.04, 52.30,
2020,19, 0.318,295.32, 67.60, 49.87, 58.74,
2020,20, 0.346,295.65, 65.65, 60.73, 63.19,
2020,21, 0.372,296.57, 64.71, 64.07, 64.39,
2020,22, 0.389,297.80, 63.36, 58.37, 60.86,
2020,23, 0.403,298.94, 64.70, 53.34, 59.02,
2020,24, 0.412,300.42, 68.67, 46.39, 57.54,
2020,25, 0.416,302.00, 71.21, 35.71, 53.47,
2020,26, 0.413,302.77, 70.83, 32.50, 51.67,
2020,27, 0.405,302.97, 69.15, 33.20, 51.18,
2020,28, 0.394,303.30, 67.92, 32.67, 50.30,
2020,29, 0.383,303.67, 66.89, 32.18, 49.54,
2020,30, 0.371,303.97, 66.15, 31.78, 48.96,
2020,31, 0.356,304.03, 65.51, 31.50, 48.50,
2020,32, 0.338,303.94, 62.79, 30.41, 46.60,
2020,33, 0.319,304.02, 58.07, 22.90, 40.48,
2020,34, 0.300,303.87, 53.81, 14.26, 34.03,
2020,35, 0.279,303.05, 50.87,  9.05, 29.96,
2020,36, 0.258,301.69, 48.40,  5.52, 26.96,
2020,37, 0.237,300.09, 46.16,  3.88, 25.02,
2020,38, 0.217,298.53, 42.57,  3.42, 23.00,
2020,39, 0.200,296.64, 39.89,  2.77, 21.33,
2020,40, 0.187,294.46, 39.43,  3.24, 21.33,
2020,41, 0.170,291.70, 38.57,  4.02, 21.29,
2020,42, 0.151,288.43, 37.99,  5.11, 21.55,
2020,43, 0.133,285.15, 38.84, 10.19, 24.51,
2020,44, 0.116,282.10, 38.72, 10.09, 24.40,
2020,45, 0.100,278.42, 37.88, 14.34, 26.10,
2020,46, 0.087,274.86, 37.79, 18.53, 28.16,
2020,47, 0.078,271.89, 39.74, 19.23, 29.48,
2020,48, 0.070,269.10, 42.21, 18.17, 30.19,
2020,49, 0.063,266.43, 42.72, 18.97, 30.84,
2020,50, 0.056,263.88, 44.22, 20.95, 32.58,
2020,51, 0.048,261.07, 41.71, 27.82, 34.76,
2020,52, 0.044,258.97, 45.21, 34.00, 39.61,
2021, 1, 0.045,257.47, 53.13, 38.96, 46.04,
2021, 2, 0.045,256.90, 54.86, 41.21, 48.04,
2021, 3, 0.046,256.86, 56.12, 42.11, 49.11,
2021, 4, 0.050,257.25, 57.48, 43.34, 50.41,
2021, 5, 0.055,259.34, 56.68, 40.23, 48.46,
2021, 6, 0.062,262.12, 55.64, 35.89, 45.77,
2021, 7, 0.070,264.46, 54.72, 34.64, 44.68,
2021, 8, 0.078,266.08, 54.49, 36.11, 45.30,
2021, 9,-1.000, -1.00, -1.00, -1.00, -1.00,
2021,10,-1.000, -1.00, -1.00, -1.00, -1.00,
2021,11,-1.000, -1.00, -1.00, -1.00, -1.00,
2021,12,-1.000, -1.00, -1.00, -1.00, -1.00,
2021,13,-1.000, -1.00, -1.00, -1.00, -1.00,
2021,14,-1.000, -1.00, -1.00, -1.00, -1.00,
2021,15,-1.000, -1.00, -1.00, -1.00, -1.00,
2021,16,-1.000, -1.00, -1.00, -1.00, -1.00,
2021,17,-1.000, -1.00, -1.00, -1.00, -1.00,
2021,18,-1.000, -1.00, -1.00, -1.00, -1.00,
2021,19,-1.000, -1.00, -1.00, -1.00, -1.00,
2021,20,-1.000, -1.00, -1.00, -1.00, -1.00,
2021,21,-1.000, -1.00, -1.00, -1.00, -1.00,
2021,22,-1.000, -1.00, -1.00, -1.00, -1.00,
2021,23,-1.000, -1.00, -1.00, -1.00, -1.00,
2021,24,-1.000, -1.00, -1.00, -1.00, -1.00,
2021,25,-1.000, -1.00, -1.00, -1.00, -1.00,
2021,26,-1.000, -1.00, -1.00, -1.00, -1.00,
2021,27,-1.000, -1.00, -1.00, -1.00, -1.00,
2021,28,-1.000, -1.00, -1.00, -1.00, -1.00,
2021,29,-1.000, -1.00, -1.00, -1.00, -1.00,
2021,30,-1.000, -1.00, -1.00, -1.00, -1.00,
2021,31,-1.000, -1.00, -1.00, -1.00, -1.00,
2021,32,-1.000, -1.00, -1.00, -1.00, -1.00,
2021,33,-1.000, -1.00, -1.00, -1.00, -1.00,
2021,34,-1.000, -1.00, -1.00, -1.00, -1.00,
2021,35,-1.000, -1.00, -1.00, -1.00, -1.00,
2021,36,-1.000, -1.00, -1.00, -1.00, -1.00,
2021,37,-1.000, -1.00, -1.00, -1.00, -1.00,
2021,38,-1.000, -1.00, -1.00, -1.00, -1.00,
2021,39,-1.000, -1.00, -1.00, -1.00, -1.00,
2021,40,-1.000, -1.00, -1.00, -1.00, -1.00,
2021,41,-1.000, -1.00, -1.00, -1.00, -1.00,
2021,42,-1.000, -1.00, -1.00, -1.00, -1.00,
2021,43,-1.000, -1.00, -1.00, -1.00, -1.00,
2021,44,-1.000, -1.00, -1.00, -1.00, -1.00,
2021,45,-1.000, -1.00, -1.00, -1.00, -1.00,
2021,46,-1.000, -1.00, -1.00, -1.00, -1.00,
2021,47,-1.000, -1.00, -1.00, -1.00, -1.00,
2021,48,-1.000, -1.00, -1.00, -1.00, -1.00,
2021,49,-1.000, -1.00, -1.00, -1.00, -1.00,
2021,50,-1.000, -1.00, -1.00, -1.00, -1.00,
2021,51,-1.000, -1.00, -1.00, -1.00, -1.00,
2021,52,-1.000, -1.00, -1.00, -1.00, -1.00,
</pre></tt>